Date,Open,High,Low,Close,Adj Close,Volume
2008-01-02,,,,,,
2008-01-03,,,,,,
2008-01-04,,,,,,
2008-01-07,,,,,,
2008-01-08,,,,,,
2008-01-09,,,,,,
2008-01-10,,,,,,
2008-01-11,,,,,,
2008-01-14,,,,,,
2008-01-15,,,,,,
2008-01-16,,,,,,
2008-01-17,,,,,,
2008-01-18,,,,,,
2008-01-21,,,,,,
2008-01-22,,,,,,
2008-01-23,,,,,,
2008-01-24,,,,,,
2008-01-25,,,,,,
2008-01-28,,,,,,
2008-01-29,,,,,,
2008-01-30,,,,,,
2008-01-31,,,,,,
2008-02-01,,,,,,
2008-02-04,,,,,,
2008-02-05,,,,,,
2008-02-13,,,,,,
2008-02-14,,,,,,
2008-02-15,,,,,,
2008-02-18,,,,,,
2008-02-19,,,,,,
2008-02-20,,,,,,
2008-02-21,,,,,,
2008-02-22,,,,,,
2008-02-25,,,,,,
2008-02-26,,,,,,
2008-02-27,,,,,,
2008-02-28,,,,,,
2008-02-29,,,,,,
2008-03-03,,,,,,
2008-03-04,,,,,,
2008-03-05,,,,,,
2008-03-06,,,,,,
2008-03-07,,,,,,
2008-03-10,,,,,,
2008-03-11,,,,,,
2008-03-12,,,,,,
2008-03-13,,,,,,
2008-03-14,,,,,,
2008-03-17,,,,,,
2008-03-18,,,,,,
2008-03-19,,,,,,
2008-03-20,,,,,,
2008-03-21,,,,,,
2008-03-24,,,,,,
2008-03-25,,,,,,
2008-03-26,,,,,,
2008-03-27,,,,,,
2008-03-28,,,,,,
2008-03-31,,,,,,
2008-04-01,,,,,,
2008-04-02,,,,,,
2008-04-03,,,,,,
2008-04-07,,,,,,
2008-04-08,,,,,,
2008-04-09,,,,,,
2008-04-10,,,,,,
2008-04-11,,,,,,
2008-04-14,,,,,,
2008-04-15,,,,,,
2008-04-16,,,,,,
2008-04-17,,,,,,
2008-04-18,,,,,,
2008-04-21,,,,,,
2008-04-22,,,,,,
2008-04-23,,,,,,
2008-04-24,,,,,,
2008-04-25,,,,,,
2008-04-28,,,,,,
2008-04-29,,,,,,
2008-04-30,,,,,,
2008-05-05,,,,,,
2008-05-06,,,,,,
2008-05-07,,,,,,
2008-05-08,,,,,,
2008-05-09,,,,,,
2008-05-12,,,,,,
2008-05-13,,,,,,
2008-05-14,,,,,,
2008-05-15,,,,,,
2008-05-16,,,,,,
2008-05-19,,,,,,
2008-05-20,,,,,,
2008-05-21,,,,,,
2008-05-22,,,,,,
2008-05-23,,,,,,
2008-05-26,,,,,,
2008-05-27,,,,,,
2008-05-28,,,,,,
2008-05-29,,,,,,
2008-05-30,,,,,,
2008-06-02,,,,,,
2008-06-03,,,,,,
2008-06-04,,,,,,
2008-06-05,,,,,,
2008-06-06,,,,,,
2008-06-10,,,,,,
2008-06-11,,,,,,
2008-06-12,,,,,,
2008-06-13,,,,,,
2008-06-16,,,,,,
2008-06-17,,,,,,
2008-06-18,,,,,,
2008-06-19,,,,,,
2008-06-20,,,,,,
2008-06-23,,,,,,
2008-06-24,,,,,,
2008-06-25,,,,,,
2008-06-26,,,,,,
2008-06-27,,,,,,
2008-06-30,,,,,,
2008-07-01,,,,,,
2008-07-02,,,,,,
2008-07-03,,,,,,
2008-07-04,,,,,,
2008-07-07,,,,,,
2008-07-08,,,,,,
2008-07-09,,,,,,
2008-07-10,,,,,,
2008-07-11,,,,,,
2008-07-14,,,,,,
2008-07-15,,,,,,
2008-07-16,,,,,,
2008-07-17,,,,,,
2008-07-18,,,,,,
2008-07-21,,,,,,
2008-07-22,,,,,,
2008-07-23,,,,,,
2008-07-24,,,,,,
2008-07-25,,,,,,
2008-07-28,,,,,,
2008-07-29,,,,,,
2008-07-30,,,,,,
2008-07-31,,,,,,
2008-08-01,,,,,,
2008-08-04,,,,,,
2008-08-05,,,,,,
2008-08-06,,,,,,
2008-08-07,,,,,,
2008-08-08,,,,,,
2008-08-11,,,,,,
2008-08-12,,,,,,
2008-08-13,,,,,,
2008-08-14,,,,,,
2008-08-15,,,,,,
2008-08-18,,,,,,
2008-08-19,,,,,,
2008-08-20,,,,,,
2008-08-21,,,,,,
2008-08-22,,,,,,
2008-08-25,,,,,,
2008-08-26,,,,,,
2008-08-27,,,,,,
2008-08-28,,,,,,
2008-08-29,,,,,,
2008-09-01,,,,,,
2008-09-02,,,,,,
2008-09-03,,,,,,
2008-09-04,,,,,,
2008-09-05,,,,,,
2008-09-08,,,,,,
2008-09-09,,,,,,
2008-09-10,,,,,,
2008-09-11,,,,,,
2008-09-12,,,,,,
2008-09-16,,,,,,
2008-09-17,,,,,,
2008-09-18,,,,,,
2008-09-19,,,,,,
2008-09-22,,,,,,
2008-09-23,,,,,,
2008-09-24,,,,,,
2008-09-25,,,,,,
2008-09-26,,,,,,
2008-10-06,,,,,,
2008-10-07,,,,,,
2008-10-08,,,,,,
2008-10-09,,,,,,
2008-10-10,,,,,,
2008-10-13,,,,,,
2008-10-14,,,,,,
2008-10-15,,,,,,
2008-10-16,,,,,,
2008-10-17,,,,,,
2008-10-20,,,,,,
2008-10-21,,,,,,
2008-10-22,,,,,,
2008-10-23,,,,,,
2008-10-24,,,,,,
2008-10-27,,,,,,
2008-10-28,,,,,,
2008-10-29,,,,,,
2008-10-30,,,,,,
2008-10-31,,,,,,
2008-11-03,,,,,,
2008-11-04,,,,,,
2008-11-05,,,,,,
2008-11-06,,,,,,
2008-11-07,,,,,,
2008-11-10,,,,,,
2008-11-11,,,,,,
2008-11-12,,,,,,
2008-11-13,,,,,,
2008-11-14,,,,,,
2008-11-17,,,,,,
2008-11-18,,,,,,
2008-11-19,,,,,,
2008-11-20,,,,,,
2008-11-21,,,,,,
2008-11-24,,,,,,
2008-11-25,,,,,,
2008-11-26,,,,,,
2008-11-27,,,,,,
2008-11-28,,,,,,
2008-12-01,,,,,,
2008-12-02,,,,,,
2008-12-03,,,,,,
2008-12-04,,,,,,
2008-12-05,,,,,,
2008-12-08,,,,,,
2008-12-09,,,,,,
2008-12-10,,,,,,
2008-12-11,,,,,,
2008-12-12,,,,,,
2008-12-15,,,,,,
2008-12-16,,,,,,
2008-12-17,,,,,,
2008-12-18,,,,,,
2008-12-19,,,,,,
2008-12-22,,,,,,
2008-12-23,,,,,,
2008-12-24,,,,,,
2008-12-25,,,,,,
2008-12-26,,,,,,
2008-12-29,,,,,,
2008-12-30,,,,,,
2008-12-31,,,,,,
2009-01-05,,,,,,
2009-01-06,,,,,,
2009-01-07,,,,,,
2009-01-08,,,,,,
2009-01-09,,,,,,
2009-01-12,,,,,,
2009-01-13,,,,,,
2009-01-14,,,,,,
2009-01-15,,,,,,
2009-01-16,,,,,,
2009-01-19,,,,,,
2009-01-20,,,,,,
2009-01-21,,,,,,
2009-01-22,,,,,,
2009-01-23,,,,,,
2009-02-02,,,,,,
2009-02-03,,,,,,
2009-02-04,,,,,,
2009-02-05,,,,,,
2009-02-06,,,,,,
2009-02-09,,,,,,
2009-02-10,,,,,,
2009-02-11,,,,,,
2009-02-12,,,,,,
2009-02-13,,,,,,
2009-02-16,,,,,,
2009-02-17,,,,,,
2009-02-18,,,,,,
2009-02-19,,,,,,
2009-02-20,,,,,,
2009-02-23,,,,,,
2009-02-24,,,,,,
2009-02-25,,,,,,
2009-02-26,,,,,,
2009-02-27,,,,,,
2009-03-02,,,,,,
2009-03-03,,,,,,
2009-03-04,,,,,,
2009-03-05,,,,,,
2009-03-06,,,,,,
2009-03-09,,,,,,
2009-03-10,,,,,,
2009-03-11,,,,,,
2009-03-12,,,,,,
2009-03-13,,,,,,
2009-03-16,,,,,,
2009-03-17,,,,,,
2009-03-18,,,,,,
2009-03-19,,,,,,
2009-03-20,,,,,,
2009-03-23,,,,,,
2009-03-24,,,,,,
2009-03-25,,,,,,
2009-03-26,,,,,,
2009-03-27,,,,,,
2009-03-30,,,,,,
2009-03-31,,,,,,
2009-04-01,,,,,,
2009-04-02,,,,,,
2009-04-03,,,,,,
2009-04-07,,,,,,
2009-04-08,,,,,,
2009-04-09,,,,,,
2009-04-10,,,,,,
2009-04-13,,,,,,
2009-04-14,,,,,,
2009-04-15,,,,,,
2009-04-16,,,,,,
2009-04-17,,,,,,
2009-04-20,,,,,,
2009-04-21,,,,,,
2009-04-22,,,,,,
2009-04-23,,,,,,
2009-04-24,,,,,,
2009-04-27,,,,,,
2009-04-28,,,,,,
2009-04-29,,,,,,
2009-04-30,,,,,,
2009-05-04,,,,,,
2009-05-05,,,,,,
2009-05-06,,,,,,
2009-05-07,,,,,,
2009-05-08,,,,,,
2009-05-11,,,,,,
2009-05-12,,,,,,
2009-05-13,,,,,,
2009-05-14,,,,,,
2009-05-15,,,,,,
2009-05-18,,,,,,
2009-05-19,,,,,,
2009-05-20,,,,,,
2009-05-21,,,,,,
2009-05-22,,,,,,
2009-05-25,,,,,,
2009-05-26,,,,,,
2009-05-27,,,,,,
2009-06-01,,,,,,
2009-06-02,,,,,,
2009-06-03,,,,,,
2009-06-04,,,,,,
2009-06-05,,,,,,
2009-06-08,,,,,,
2009-06-09,,,,,,
2009-06-10,,,,,,
2009-06-11,,,,,,
2009-06-12,,,,,,
2009-06-15,,,,,,
2009-06-16,,,,,,
2009-06-17,,,,,,
2009-06-18,,,,,,
2009-06-19,,,,,,
2009-06-22,,,,,,
2009-06-23,,,,,,
2009-06-24,,,,,,
2009-06-25,,,,,,
2009-06-26,,,,,,
2009-06-29,,,,,,
2009-06-30,,,,,,
2009-07-01,,,,,,
2009-07-02,,,,,,
2009-07-03,,,,,,
2009-07-06,,,,,,
2009-07-07,,,,,,
2009-07-08,,,,,,
2009-07-09,,,,,,
2009-07-10,,,,,,
2009-07-13,,,,,,
2009-07-14,,,,,,
2009-07-15,,,,,,
2009-07-16,,,,,,
2009-07-17,,,,,,
2009-07-20,,,,,,
2009-07-21,,,,,,
2009-07-22,,,,,,
2009-07-23,,,,,,
2009-07-24,,,,,,
2009-07-27,,,,,,
2009-07-28,,,,,,
2009-07-29,,,,,,
2009-07-30,,,,,,
2009-07-31,,,,,,
2009-08-03,,,,,,
2009-08-04,,,,,,
2009-08-05,,,,,,
2009-08-06,,,,,,
2009-08-07,,,,,,
2009-08-10,,,,,,
2009-08-11,,,,,,
2009-08-12,,,,,,
2009-08-13,,,,,,
2009-08-14,,,,,,
2009-08-17,,,,,,
2009-08-18,,,,,,
2009-08-19,,,,,,
2009-08-20,,,,,,
2009-08-21,,,,,,
2009-08-24,,,,,,
2009-08-25,,,,,,
2009-08-26,,,,,,
2009-08-27,,,,,,
2009-08-28,,,,,,
2009-08-31,,,,,,
2009-09-01,,,,,,
2009-09-02,,,,,,
2009-09-03,,,,,,
2009-09-04,,,,,,
2009-09-07,,,,,,
2009-09-08,,,,,,
2009-09-09,,,,,,
2009-09-10,,,,,,
2009-09-11,,,,,,
2009-09-14,,,,,,
2009-09-15,,,,,,
2009-09-16,,,,,,
2009-09-17,,,,,,
2009-09-18,,,,,,
2009-09-21,,,,,,
2009-09-22,,,,,,
2009-09-23,,,,,,
2009-09-24,,,,,,
2009-09-25,,,,,,
2009-09-28,,,,,,
2009-09-29,,,,,,
2009-09-30,,,,,,
2009-10-09,,,,,,
2009-10-12,,,,,,
2009-10-13,,,,,,
2009-10-14,,,,,,
2009-10-15,,,,,,
2009-10-16,,,,,,
2009-10-19,,,,,,
2009-10-20,,,,,,
2009-10-21,,,,,,
2009-10-22,,,,,,
2009-10-23,,,,,,
2009-10-26,,,,,,
2009-10-27,,,,,,
2009-10-28,,,,,,
2009-10-29,,,,,,
2009-10-30,,,,,,
2009-11-02,,,,,,
2009-11-03,,,,,,
2009-11-04,,,,,,
2009-11-05,,,,,,
2009-11-06,,,,,,
2009-11-09,,,,,,
2009-11-10,,,,,,
2009-11-11,,,,,,
2009-11-12,,,,,,
2009-11-13,,,,,,
2009-11-16,,,,,,
2009-11-17,,,,,,
2009-11-18,,,,,,
2009-11-19,,,,,,
2009-11-20,,,,,,
2009-11-23,,,,,,
2009-11-24,,,,,,
2009-11-25,,,,,,
2009-11-26,,,,,,
2009-11-27,,,,,,
2009-11-30,,,,,,
2009-12-01,,,,,,
2009-12-02,,,,,,
2009-12-03,,,,,,
2009-12-04,,,,,,
2009-12-07,,,,,,
2009-12-08,,,,,,
2009-12-09,,,,,,
2009-12-10,,,,,,
2009-12-11,,,,,,
2009-12-14,,,,,,
2009-12-15,,,,,,
2009-12-16,,,,,,
2009-12-17,,,,,,
2009-12-18,,,,,,
2009-12-21,,,,,,
2009-12-22,,,,,,
2009-12-23,,,,,,
2009-12-24,,,,,,
2009-12-25,,,,,,
2009-12-28,,,,,,
2009-12-29,,,,,,
2009-12-30,,,,,,
2009-12-31,,,,,,
2010-01-04,,,,,,
2010-01-05,,,,,,
2010-01-06,,,,,,
2010-01-07,,,,,,
2010-01-08,,,,,,
2010-01-11,,,,,,
2010-01-12,,,,,,
2010-01-13,,,,,,
2010-01-14,,,,,,
2010-01-15,,,,,,
2010-01-18,,,,,,
2010-01-19,,,,,,
2010-01-20,,,,,,
2010-01-21,,,,,,
2010-01-22,,,,,,
2010-01-25,,,,,,
2010-01-26,,,,,,
2010-01-27,,,,,,
2010-01-28,,,,,,
2010-01-29,,,,,,
2010-02-01,,,,,,
2010-02-02,,,,,,
2010-02-03,,,,,,
2010-02-04,,,,,,
2010-02-05,,,,,,
2010-02-08,,,,,,
2010-02-09,,,,,,
2010-02-10,,,,,,
2010-02-11,,,,,,
2010-02-12,,,,,,
2010-02-22,,,,,,
2010-02-23,,,,,,
2010-02-24,,,,,,
2010-02-25,,,,,,
2010-02-26,,,,,,
2010-03-01,,,,,,
2010-03-02,,,,,,
2010-03-03,,,,,,
2010-03-04,,,,,,
2010-03-05,,,,,,
2010-03-08,,,,,,
2010-03-09,,,,,,
2010-03-10,,,,,,
2010-03-11,,,,,,
2010-03-12,,,,,,
2010-03-15,,,,,,
2010-03-16,,,,,,
2010-03-17,,,,,,
2010-03-18,,,,,,
2010-03-19,,,,,,
2010-03-22,,,,,,
2010-03-23,,,,,,
2010-03-24,,,,,,
2010-03-25,,,,,,
2010-03-26,,,,,,
2010-03-29,,,,,,
2010-03-30,,,,,,
2010-03-31,,,,,,
2010-04-01,,,,,,
2010-04-02,,,,,,
2010-04-06,,,,,,
2010-04-07,,,,,,
2010-04-08,,,,,,
2010-04-09,,,,,,
2010-04-12,,,,,,
2010-04-13,,,,,,
2010-04-14,,,,,,
2010-04-15,,,,,,
2010-04-16,,,,,,
2010-04-19,,,,,,
2010-04-20,,,,,,
2010-04-21,,,,,,
2010-04-22,,,,,,
2010-04-23,,,,,,
2010-04-26,,,,,,
2010-04-27,,,,,,
2010-04-28,,,,,,
2010-04-29,,,,,,
2010-04-30,,,,,,
2010-05-04,,,,,,
2010-05-05,,,,,,
2010-05-06,,,,,,
2010-05-07,,,,,,
2010-05-10,,,,,,
2010-05-11,,,,,,
2010-05-12,,,,,,
2010-05-13,,,,,,
2010-05-14,,,,,,
2010-05-17,,,,,,
2010-05-18,,,,,,
2010-05-19,,,,,,
2010-05-20,,,,,,
2010-05-21,,,,,,
2010-05-24,,,,,,
2010-05-25,,,,,,
2010-05-26,,,,,,
2010-05-27,,,,,,
2010-05-28,,,,,,
2010-05-31,,,,,,
2010-06-01,,,,,,
2010-06-02,,,,,,
2010-06-03,,,,,,
2010-06-04,,,,,,
2010-06-07,,,,,,
2010-06-08,,,,,,
2010-06-09,,,,,,
2010-06-10,,,,,,
2010-06-11,,,,,,
2010-06-17,,,,,,
2010-06-18,,,,,,
2010-06-21,,,,,,
2010-06-22,,,,,,
2010-06-23,,,,,,
2010-06-24,,,,,,
2010-06-25,,,,,,
2010-06-28,,,,,,
2010-06-29,,,,,,
2010-06-30,,,,,,
2010-07-01,,,,,,
2010-07-02,,,,,,
2010-07-05,,,,,,
2010-07-06,,,,,,
2010-07-07,,,,,,
2010-07-08,,,,,,
2010-07-09,,,,,,
2010-07-12,,,,,,
2010-07-13,,,,,,
2010-07-14,,,,,,
2010-07-15,,,,,,
2010-07-16,,,,,,
2010-07-19,,,,,,
2010-07-20,,,,,,
2010-07-21,,,,,,
2010-07-22,,,,,,
2010-07-23,,,,,,
2010-07-26,,,,,,
2010-07-27,,,,,,
2010-07-28,,,,,,
2010-07-29,,,,,,
2010-07-30,,,,,,
2010-08-02,,,,,,
2010-08-03,,,,,,
2010-08-04,,,,,,
2010-08-05,,,,,,
2010-08-06,,,,,,
2010-08-09,,,,,,
2010-08-10,,,,,,
2010-08-11,,,,,,
2010-08-12,,,,,,
2010-08-13,,,,,,
2010-08-16,,,,,,
2010-08-17,,,,,,
2010-08-18,,,,,,
2010-08-19,,,,,,
2010-08-20,,,,,,
2010-08-23,,,,,,
2010-08-24,,,,,,
2010-08-25,,,,,,
2010-08-26,,,,,,
2010-08-27,,,,,,
2010-08-30,,,,,,
2010-08-31,,,,,,
2010-09-01,,,,,,
2010-09-02,,,,,,
2010-09-03,,,,,,
2010-09-06,,,,,,
2010-09-07,,,,,,
2010-09-08,,,,,,
2010-09-09,,,,,,
2010-09-10,,,,,,
2010-09-13,,,,,,
2010-09-14,,,,,,
2010-09-15,,,,,,
2010-09-16,,,,,,
2010-09-17,,,,,,
2010-09-20,,,,,,
2010-09-21,,,,,,
2010-09-27,,,,,,
2010-09-28,,,,,,
2010-09-29,,,,,,
2010-09-30,,,,,,
2010-10-08,,,,,,
2010-10-11,,,,,,
2010-10-12,,,,,,
2010-10-13,,,,,,
2010-10-14,,,,,,
2010-10-15,,,,,,
2010-10-18,,,,,,
2010-10-19,,,,,,
2010-10-20,,,,,,
2010-10-21,,,,,,
2010-10-22,,,,,,
2010-10-25,,,,,,
2010-10-26,,,,,,
2010-10-27,,,,,,
2010-10-28,,,,,,
2010-10-29,,,,,,
2010-11-01,,,,,,
2010-11-02,,,,,,
2010-11-03,,,,,,
2010-11-04,,,,,,
2010-11-05,,,,,,
2010-11-08,,,,,,
2010-11-09,,,,,,
2010-11-10,,,,,,
2010-11-11,,,,,,
2010-11-12,,,,,,
2010-11-15,,,,,,
2010-11-16,,,,,,
2010-11-17,,,,,,
2010-11-18,,,,,,
2010-11-19,,,,,,
2010-11-22,,,,,,
2010-11-23,,,,,,
2010-11-24,,,,,,
2010-11-25,,,,,,
2010-11-26,,,,,,
2010-11-29,,,,,,
2010-11-30,,,,,,
2010-12-01,,,,,,
2010-12-02,,,,,,
2010-12-03,,,,,,
2010-12-06,,,,,,
2010-12-07,,,,,,
2010-12-08,,,,,,
2010-12-09,,,,,,
2010-12-10,,,,,,
2010-12-13,,,,,,
2010-12-14,,,,,,
2010-12-15,,,,,,
2010-12-16,,,,,,
2010-12-17,,,,,,
2010-12-20,,,,,,
2010-12-21,,,,,,
2010-12-22,,,,,,
2010-12-23,,,,,,
2010-12-24,,,,,,
2010-12-27,,,,,,
2010-12-28,,,,,,
2010-12-29,,,,,,
2010-12-30,,,,,,
2010-12-31,,,,,,
2011-01-04,,,,,,
2011-01-05,,,,,,
2011-01-06,,,,,,
2011-01-07,,,,,,
2011-01-10,,,,,,
2011-01-11,,,,,,
2011-01-12,,,,,,
2011-01-13,,,,,,
2011-01-14,,,,,,
2011-01-17,,,,,,
2011-01-18,,,,,,
2011-01-19,,,,,,
2011-01-20,,,,,,
2011-01-21,,,,,,
2011-01-24,,,,,,
2011-01-25,,,,,,
2011-01-26,,,,,,
2011-01-27,,,,,,
2011-01-28,,,,,,
2011-01-31,,,,,,
2011-02-01,,,,,,
2011-02-09,,,,,,
2011-02-10,,,,,,
2011-02-11,,,,,,
2011-02-14,,,,,,
2011-02-15,,,,,,
2011-02-16,,,,,,
2011-02-17,,,,,,
2011-02-18,,,,,,
2011-02-21,,,,,,
2011-02-22,,,,,,
2011-02-23,,,,,,
2011-02-24,,,,,,
2011-02-25,,,,,,
2011-02-28,,,,,,
2011-03-01,,,,,,
2011-03-02,,,,,,
2011-03-03,,,,,,
2011-03-04,,,,,,
2011-03-07,,,,,,
2011-03-08,,,,,,
2011-03-09,,,,,,
2011-03-10,,,,,,
2011-03-11,,,,,,
2011-03-14,,,,,,
2011-03-15,,,,,,
2011-03-16,,,,,,
2011-03-17,,,,,,
2011-03-18,,,,,,
2011-03-21,,,,,,
2011-03-22,,,,,,
2011-03-23,,,,,,
2011-03-24,,,,,,
2011-03-25,,,,,,
2011-03-28,,,,,,
2011-03-29,,,,,,
2011-03-30,,,,,,
2011-03-31,,,,,,
2011-04-01,,,,,,
2011-04-06,,,,,,
2011-04-07,,,,,,
2011-04-08,,,,,,
2011-04-11,,,,,,
2011-04-12,,,,,,
2011-04-13,,,,,,
2011-04-14,,,,,,
2011-04-15,,,,,,
2011-04-18,,,,,,
2011-04-19,,,,,,
2011-04-20,,,,,,
2011-04-21,,,,,,
2011-04-22,,,,,,
2011-04-25,,,,,,
2011-04-26,,,,,,
2011-04-27,,,,,,
2011-04-28,,,,,,
2011-04-29,,,,,,
2011-05-03,,,,,,
2011-05-04,,,,,,
2011-05-05,,,,,,
2011-05-06,,,,,,
2011-05-09,,,,,,
2011-05-10,,,,,,
2011-05-11,,,,,,
2011-05-12,,,,,,
2011-05-13,,,,,,
2011-05-16,,,,,,
2011-05-17,,,,,,
2011-05-18,,,,,,
2011-05-19,,,,,,
2011-05-20,,,,,,
2011-05-23,,,,,,
2011-05-24,,,,,,
2011-05-25,,,,,,
2011-05-26,,,,,,
2011-05-27,,,,,,
2011-05-30,,,,,,
2011-05-31,,,,,,
2011-06-01,,,,,,
2011-06-02,,,,,,
2011-06-03,,,,,,
2011-06-07,,,,,,
2011-06-08,,,,,,
2011-06-09,,,,,,
2011-06-10,,,,,,
2011-06-13,,,,,,
2011-06-14,,,,,,
2011-06-15,,,,,,
2011-06-16,,,,,,
2011-06-17,,,,,,
2011-06-20,,,,,,
2011-06-21,,,,,,
2011-06-22,,,,,,
2011-06-23,,,,,,
2011-06-24,,,,,,
2011-06-27,,,,,,
2011-06-28,,,,,,
2011-06-29,,,,,,
2011-06-30,,,,,,
2011-07-01,,,,,,
2011-07-04,,,,,,
2011-07-05,,,,,,
2011-07-06,,,,,,
2011-07-07,,,,,,
2011-07-08,,,,,,
2011-07-11,,,,,,
2011-07-12,,,,,,
2011-07-13,,,,,,
2011-07-14,,,,,,
2011-07-15,,,,,,
2011-07-18,,,,,,
2011-07-19,,,,,,
2011-07-20,,,,,,
2011-07-21,,,,,,
2011-07-22,,,,,,
2011-07-25,,,,,,
2011-07-26,,,,,,
2011-07-27,,,,,,
2011-07-28,,,,,,
2011-07-29,,,,,,
2011-08-01,,,,,,
2011-08-02,,,,,,
2011-08-03,,,,,,
2011-08-04,,,,,,
2011-08-05,,,,,,
2011-08-08,,,,,,
2011-08-09,,,,,,
2011-08-10,,,,,,
2011-08-11,,,,,,
2011-08-12,,,,,,
2011-08-15,,,,,,
2011-08-16,,,,,,
2011-08-17,,,,,,
2011-08-18,,,,,,
2011-08-19,,,,,,
2011-08-22,,,,,,
2011-08-23,,,,,,
2011-08-24,,,,,,
2011-08-25,,,,,,
2011-08-26,,,,,,
2011-08-29,,,,,,
2011-08-30,,,,,,
2011-08-31,,,,,,
2011-09-01,,,,,,
2011-09-02,,,,,,
2011-09-05,,,,,,
2011-09-06,,,,,,
2011-09-07,,,,,,
2011-09-08,,,,,,
2011-09-09,,,,,,
2011-09-13,,,,,,
2011-09-14,,,,,,
2011-09-15,,,,,,
2011-09-16,,,,,,
2011-09-19,,,,,,
2011-09-20,,,,,,
2011-09-21,,,,,,
2011-09-22,,,,,,
2011-09-23,,,,,,
2011-09-26,,,,,,
2011-09-27,,,,,,
2011-09-28,,,,,,
2011-09-29,,,,,,
2011-09-30,,,,,,
2011-10-10,,,,,,
2011-10-11,,,,,,
2011-10-12,,,,,,
2011-10-13,,,,,,
2011-10-14,,,,,,
2011-10-17,,,,,,
2011-10-18,,,,,,
2011-10-19,,,,,,
2011-10-20,,,,,,
2011-10-21,,,,,,
2011-10-24,,,,,,
2011-10-25,,,,,,
2011-10-26,,,,,,
2011-10-27,,,,,,
2011-10-28,,,,,,
2011-10-31,,,,,,
2011-11-01,,,,,,
2011-11-02,,,,,,
2011-11-03,,,,,,
2011-11-04,,,,,,
2011-11-07,,,,,,
2011-11-08,,,,,,
2011-11-09,,,,,,
2011-11-10,,,,,,
2011-11-11,,,,,,
2011-11-14,,,,,,
2011-11-15,,,,,,
2011-11-16,,,,,,
2011-11-17,,,,,,
2011-11-18,,,,,,
2011-11-21,,,,,,
2011-11-22,,,,,,
2011-11-23,,,,,,
2011-11-24,,,,,,
2011-11-25,,,,,,
2011-11-28,,,,,,
2011-11-29,,,,,,
2011-11-30,,,,,,
2011-12-01,,,,,,
2011-12-02,,,,,,
2011-12-05,,,,,,
2011-12-06,,,,,,
2011-12-07,,,,,,
2011-12-08,,,,,,
2011-12-09,,,,,,
2011-12-12,,,,,,
2011-12-13,,,,,,
2011-12-14,,,,,,
2011-12-15,,,,,,
2011-12-16,,,,,,
2011-12-19,,,,,,
2011-12-20,,,,,,
2011-12-21,,,,,,
2011-12-22,,,,,,
2011-12-23,,,,,,
2011-12-26,,,,,,
2011-12-27,,,,,,
2011-12-28,,,,,,
2011-12-29,,,,,,
2011-12-30,,,,,,
2012-01-04,,,,,,
2012-01-05,,,,,,
2012-01-06,,,,,,
2012-01-09,,,,,,
2012-01-10,,,,,,
2012-01-11,,,,,,
2012-01-12,,,,,,
2012-01-13,,,,,,
2012-01-16,,,,,,
2012-01-17,,,,,,
2012-01-18,,,,,,
2012-01-19,,,,,,
2012-01-20,,,,,,
2012-01-30,,,,,,
2012-01-31,,,,,,
2012-02-01,,,,,,
2012-02-02,,,,,,
2012-02-03,,,,,,
2012-02-06,,,,,,
2012-02-07,,,,,,
2012-02-08,,,,,,
2012-02-09,,,,,,
2012-02-10,,,,,,
2012-02-13,,,,,,
2012-02-14,,,,,,
2012-02-15,,,,,,
2012-02-16,,,,,,
2012-02-17,,,,,,
2012-02-20,,,,,,
2012-02-21,,,,,,
2012-02-22,,,,,,
2012-02-23,,,,,,
2012-02-24,,,,,,
2012-02-27,,,,,,
2012-02-28,,,,,,
2012-02-29,,,,,,
2012-03-01,,,,,,
2012-03-02,,,,,,
2012-03-05,,,,,,
2012-03-06,,,,,,
2012-03-07,,,,,,
2012-03-08,,,,,,
2012-03-09,,,,,,
2012-03-12,,,,,,
2012-03-13,,,,,,
2012-03-14,,,,,,
2012-03-15,,,,,,
2012-03-16,,,,,,
2012-03-19,,,,,,
2012-03-20,,,,,,
2012-03-21,,,,,,
2012-03-22,,,,,,
2012-03-23,,,,,,
2012-03-26,,,,,,
2012-03-27,,,,,,
2012-03-28,,,,,,
2012-03-29,,,,,,
2012-03-30,,,,,,
2012-04-05,,,,,,
2012-04-06,,,,,,
2012-04-09,,,,,,
2012-04-10,,,,,,
2012-04-11,,,,,,
2012-04-12,,,,,,
2012-04-13,,,,,,
2012-04-16,,,,,,
2012-04-17,,,,,,
2012-04-18,,,,,,
2012-04-19,,,,,,
2012-04-20,,,,,,
2012-04-23,,,,,,
2012-04-24,,,,,,
2012-04-25,,,,,,
2012-04-26,,,,,,
2012-04-27,,,,,,
2012-05-02,,,,,,
2012-05-03,,,,,,
2012-05-04,,,,,,
2012-05-07,,,,,,
2012-05-08,,,,,,
2012-05-09,,,,,,
2012-05-10,,,,,,
2012-05-11,,,,,,
2012-05-14,,,,,,
2012-05-15,,,,,,
2012-05-16,,,,,,
2012-05-17,,,,,,
2012-05-18,,,,,,
2012-05-21,,,,,,
2012-05-22,,,,,,
2012-05-23,,,,,,
2012-05-24,,,,,,
2012-05-25,,,,,,
2012-05-28,,,,,,
2012-05-29,,,,,,
2012-05-30,,,,,,
2012-05-31,,,,,,
2012-06-01,,,,,,
2012-06-04,,,,,,
2012-06-05,,,,,,
2012-06-06,,,,,,
2012-06-07,,,,,,
2012-06-08,,,,,,
2012-06-11,,,,,,
2012-06-12,,,,,,
2012-06-13,,,,,,
2012-06-14,,,,,,
2012-06-15,,,,,,
2012-06-18,,,,,,
2012-06-19,,,,,,
2012-06-20,,,,,,
2012-06-21,,,,,,
2012-06-25,,,,,,
2012-06-26,,,,,,
2012-06-27,,,,,,
2012-06-28,,,,,,
2012-06-29,,,,,,
2012-07-02,,,,,,
2012-07-03,,,,,,
2012-07-04,,,,,,
2012-07-05,,,,,,
2012-07-06,,,,,,
2012-07-09,,,,,,
2012-07-10,,,,,,
2012-07-11,,,,,,
2012-07-12,,,,,,
2012-07-13,,,,,,
2012-07-16,,,,,,
2012-07-17,,,,,,
2012-07-18,,,,,,
2012-07-19,,,,,,
2012-07-20,,,,,,
2012-07-23,,,,,,
2012-07-24,,,,,,
2012-07-25,,,,,,
2012-07-26,,,,,,
2012-07-27,,,,,,
2012-07-30,,,,,,
2012-07-31,,,,,,
2012-08-01,,,,,,
2012-08-02,,,,,,
2012-08-03,,,,,,
2012-08-06,,,,,,
2012-08-07,,,,,,
2012-08-08,,,,,,
2012-08-09,,,,,,
2012-08-10,,,,,,
2012-08-13,,,,,,
2012-08-14,,,,,,
2012-08-15,,,,,,
2012-08-16,,,,,,
2012-08-17,,,,,,
2012-08-20,,,,,,
2012-08-21,,,,,,
2012-08-22,,,,,,
2012-08-23,,,,,,
2012-08-24,,,,,,
2012-08-27,,,,,,
2012-08-28,,,,,,
2012-08-29,,,,,,
2012-08-30,,,,,,
2012-08-31,,,,,,
2012-09-03,,,,,,
2012-09-04,,,,,,
2012-09-05,,,,,,
2012-09-06,,,,,,
2012-09-07,,,,,,
2012-09-10,,,,,,
2012-09-11,,,,,,
2012-09-12,,,,,,
2012-09-13,,,,,,
2012-09-14,,,,,,
2012-09-17,,,,,,
2012-09-18,,,,,,
2012-09-19,,,,,,
2012-09-20,,,,,,
2012-09-21,,,,,,
2012-09-24,,,,,,
2012-09-25,,,,,,
2012-09-26,,,,,,
2012-09-27,,,,,,
2012-09-28,,,,,,
2012-10-08,,,,,,
2012-10-09,,,,,,
2012-10-10,,,,,,
2012-10-11,,,,,,
2012-10-12,,,,,,
2012-10-15,,,,,,
2012-10-16,,,,,,
2012-10-17,,,,,,
2012-10-18,,,,,,
2012-10-19,,,,,,
2012-10-22,,,,,,
2012-10-23,,,,,,
2012-10-24,,,,,,
2012-10-25,,,,,,
2012-10-26,,,,,,
2012-10-29,,,,,,
2012-10-30,,,,,,
2012-10-31,,,,,,
2012-11-01,,,,,,
2012-11-02,,,,,,
2012-11-05,,,,,,
2012-11-06,,,,,,
2012-11-07,,,,,,
2012-11-08,,,,,,
2012-11-09,,,,,,
2012-11-12,,,,,,
2012-11-13,,,,,,
2012-11-14,,,,,,
2012-11-15,,,,,,
2012-11-16,,,,,,
2012-11-19,,,,,,
2012-11-20,,,,,,
2012-11-21,,,,,,
2012-11-22,,,,,,
2012-11-23,,,,,,
2012-11-26,,,,,,
2012-11-27,,,,,,
2012-11-28,,,,,,
2012-11-29,,,,,,
2012-11-30,,,,,,
2012-12-03,,,,,,
2012-12-04,,,,,,
2012-12-05,,,,,,
2012-12-06,,,,,,
2012-12-07,,,,,,
2012-12-10,,,,,,
2012-12-11,,,,,,
2012-12-12,,,,,,
2012-12-13,,,,,,
2012-12-14,,,,,,
2012-12-17,,,,,,
2012-12-18,,,,,,
2012-12-19,,,,,,
2012-12-20,,,,,,
2012-12-21,,,,,,
2012-12-24,,,,,,
2012-12-25,,,,,,
2012-12-26,,,,,,
2012-12-27,,,,,,
2012-12-28,,,,,,
2012-12-31,,,,,,
2013-01-04,,,,,,
2013-01-07,,,,,,
2013-01-08,,,,,,
2013-01-09,,,,,,
2013-01-10,,,,,,
2013-01-11,,,,,,
2013-01-14,,,,,,
2013-01-15,,,,,,
2013-01-16,,,,,,
2013-01-17,,,,,,
2013-01-18,,,,,,
2013-01-21,,,,,,
2013-01-22,,,,,,
2013-01-23,,,,,,
2013-01-24,,,,,,
2013-01-25,,,,,,
2013-01-28,,,,,,
2013-01-29,,,,,,
2013-01-30,,,,,,
2013-01-31,,,,,,
2013-02-01,,,,,,
2013-02-04,,,,,,
2013-02-05,,,,,,
2013-02-06,,,,,,
2013-02-07,,,,,,
2013-02-08,,,,,,
2013-02-18,,,,,,
2013-02-19,,,,,,
2013-02-20,,,,,,
2013-02-21,,,,,,
2013-02-22,,,,,,
2013-02-25,,,,,,
2013-02-26,,,,,,
2013-02-27,,,,,,
2013-02-28,,,,,,
2013-03-01,,,,,,
2013-03-04,,,,,,
2013-03-05,,,,,,
2013-03-06,,,,,,
2013-03-07,,,,,,
2013-03-08,,,,,,
2013-03-11,,,,,,
2013-03-12,,,,,,
2013-03-13,,,,,,
2013-03-14,,,,,,
2013-03-15,,,,,,
2013-03-18,,,,,,
2013-03-19,,,,,,
2013-03-20,,,,,,
2013-03-21,,,,,,
2013-03-22,,,,,,
2013-03-25,,,,,,
2013-03-26,,,,,,
2013-03-27,,,,,,
2013-03-28,,,,,,
2013-03-29,,,,,,
2013-04-01,,,,,,
2013-04-02,,,,,,
2013-04-03,,,,,,
2013-04-08,,,,,,
2013-04-09,,,,,,
2013-04-10,,,,,,
2013-04-11,,,,,,
2013-04-12,,,,,,
2013-04-15,,,,,,
2013-04-16,,,,,,
2013-04-17,,,,,,
2013-04-18,,,,,,
2013-04-19,,,,,,
2013-04-22,,,,,,
2013-04-23,,,,,,
2013-04-24,,,,,,
2013-04-25,,,,,,
2013-04-26,,,,,,
2013-05-02,,,,,,
2013-05-03,,,,,,
2013-05-06,,,,,,
2013-05-07,,,,,,
2013-05-08,,,,,,
2013-05-09,,,,,,
2013-05-10,,,,,,
2013-05-13,,,,,,
2013-05-14,,,,,,
2013-05-15,,,,,,
2013-05-16,,,,,,
2013-05-17,,,,,,
2013-05-20,,,,,,
2013-05-21,,,,,,
2013-05-22,,,,,,
2013-05-23,,,,,,
2013-05-24,,,,,,
2013-05-27,,,,,,
2013-05-28,,,,,,
2013-05-29,,,,,,
2013-05-30,,,,,,
2013-05-31,,,,,,
2013-06-03,,,,,,
2013-06-04,,,,,,
2013-06-05,,,,,,
2013-06-06,,,,,,
2013-06-07,,,,,,
2013-06-13,,,,,,
2013-06-14,,,,,,
2013-06-17,,,,,,
2013-06-18,,,,,,
2013-06-19,,,,,,
2013-06-20,,,,,,
2013-06-21,,,,,,
2013-06-24,,,,,,
2013-06-25,,,,,,
2013-06-26,,,,,,
2013-06-27,,,,,,
2013-06-28,,,,,,
2013-07-01,,,,,,
2013-07-02,,,,,,
2013-07-03,,,,,,
2013-07-04,,,,,,
2013-07-05,,,,,,
2013-07-08,,,,,,
2013-07-09,,,,,,
2013-07-10,,,,,,
2013-07-11,,,,,,
2013-07-12,,,,,,
2013-07-15,,,,,,
2013-07-16,,,,,,
2013-07-17,,,,,,
2013-07-18,,,,,,
2013-07-19,,,,,,
2013-07-22,,,,,,
2013-07-23,,,,,,
2013-07-24,,,,,,
2013-07-25,,,,,,
2013-07-26,,,,,,
2013-07-29,,,,,,
2013-07-30,,,,,,
2013-07-31,,,,,,
2013-08-01,,,,,,
2013-08-02,,,,,,
2013-08-05,,,,,,
2013-08-06,,,,,,
2013-08-07,,,,,,
2013-08-08,,,,,,
2013-08-09,,,,,,
2013-08-12,,,,,,
2013-08-13,,,,,,
2013-08-14,,,,,,
2013-08-15,,,,,,
2013-08-16,,,,,,
2013-08-19,,,,,,
2013-08-20,,,,,,
2013-08-21,,,,,,
2013-08-22,,,,,,
2013-08-23,,,,,,
2013-08-26,,,,,,
2013-08-27,,,,,,
2013-08-28,,,,,,
2013-08-29,,,,,,
2013-08-30,,,,,,
2013-09-02,,,,,,
2013-09-03,,,,,,
2013-09-04,,,,,,
2013-09-05,,,,,,
2013-09-06,,,,,,
2013-09-09,,,,,,
2013-09-10,,,,,,
2013-09-11,,,,,,
2013-09-12,,,,,,
2013-09-13,,,,,,
2013-09-16,,,,,,
2013-09-17,,,,,,
2013-09-18,,,,,,
2013-09-23,,,,,,
2013-09-24,,,,,,
2013-09-25,,,,,,
2013-09-26,,,,,,
2013-09-27,,,,,,
2013-09-30,,,,,,
2013-10-08,,,,,,
2013-10-09,,,,,,
2013-10-10,,,,,,
2013-10-11,,,,,,
2013-10-14,,,,,,
2013-10-15,,,,,,
2013-10-16,,,,,,
2013-10-17,,,,,,
2013-10-18,,,,,,
2013-10-21,,,,,,
2013-10-22,,,,,,
2013-10-23,,,,,,
2013-10-24,,,,,,
2013-10-25,,,,,,
2013-10-28,,,,,,
2013-10-29,,,,,,
2013-10-30,,,,,,
2013-10-31,,,,,,
2013-11-01,,,,,,
2013-11-04,,,,,,
2013-11-05,,,,,,
2013-11-06,,,,,,
2013-11-07,,,,,,
2013-11-08,,,,,,
2013-11-11,,,,,,
2013-11-12,,,,,,
2013-11-13,,,,,,
2013-11-14,,,,,,
2013-11-15,,,,,,
2013-11-18,,,,,,
2013-11-19,,,,,,
2013-11-20,,,,,,
2013-11-21,,,,,,
2013-11-22,,,,,,
2013-11-25,,,,,,
2013-11-26,,,,,,
2013-11-27,,,,,,
2013-11-28,,,,,,
2013-11-29,,,,,,
2013-12-02,,,,,,
2013-12-03,,,,,,
2013-12-04,,,,,,
2013-12-05,,,,,,
2013-12-06,,,,,,
2013-12-09,,,,,,
2013-12-10,,,,,,
2013-12-11,,,,,,
2013-12-12,,,,,,
2013-12-13,,,,,,
2013-12-16,,,,,,
2013-12-17,,,,,,
2013-12-18,,,,,,
2013-12-19,,,,,,
2013-12-20,,,,,,
2013-12-23,,,,,,
2013-12-24,,,,,,
2013-12-25,,,,,,
2013-12-26,,,,,,
2013-12-27,,,,,,
2013-12-30,,,,,,
2013-12-31,,,,,,
2014-01-02,,,,,,
2014-01-03,,,,,,
2014-01-06,,,,,,
2014-01-07,,,,,,
2014-01-08,,,,,,
2014-01-09,,,,,,
2014-01-10,,,,,,
2014-01-13,,,,,,
2014-01-14,,,,,,
2014-01-15,,,,,,
2014-01-16,,,,,,
2014-01-17,,,,,,
2014-01-20,,,,,,
2014-01-21,,,,,,
2014-01-22,,,,,,
2014-01-23,,,,,,
2014-01-24,,,,,,
2014-01-27,,,,,,
2014-01-28,,,,,,
2014-01-29,,,,,,
2014-01-30,,,,,,
2014-02-07,,,,,,
2014-02-10,,,,,,
2014-02-11,,,,,,
2014-02-12,,,,,,
2014-02-13,,,,,,
2014-02-14,,,,,,
2014-02-17,,,,,,
2014-02-18,,,,,,
2014-02-19,,,,,,
2014-02-20,,,,,,
2014-02-21,,,,,,
2014-02-24,,,,,,
2014-02-25,,,,,,
2014-02-26,,,,,,
2014-02-27,,,,,,
2014-02-28,,,,,,
2014-03-03,,,,,,
2014-03-04,,,,,,
2014-03-05,,,,,,
2014-03-06,,,,,,
2014-03-07,,,,,,
2014-03-10,,,,,,
2014-03-11,,,,,,
2014-03-12,,,,,,
2014-03-13,,,,,,
2014-03-14,,,,,,
2014-03-17,,,,,,
2014-03-18,,,,,,
2014-03-19,,,,,,
2014-03-20,,,,,,
2014-03-21,,,,,,
2014-03-24,,,,,,
2014-03-25,,,,,,
2014-03-26,,,,,,
2014-03-27,,,,,,
2014-03-28,,,,,,
2014-03-31,,,,,,
2014-04-01,,,,,,
2014-04-02,,,,,,
2014-04-03,,,,,,
2014-04-04,,,,,,
2014-04-08,,,,,,
2014-04-09,,,,,,
2014-04-10,,,,,,
2014-04-11,,,,,,
2014-04-14,,,,,,
2014-04-15,,,,,,
2014-04-16,,,,,,
2014-04-17,,,,,,
2014-04-18,,,,,,
2014-04-21,,,,,,
2014-04-22,,,,,,
2014-04-23,,,,,,
2014-04-24,,,,,,
2014-04-25,,,,,,
2014-04-28,,,,,,
2014-04-29,,,,,,
2014-04-30,,,,,,
2014-05-05,,,,,,
2014-05-06,,,,,,
2014-05-07,,,,,,
2014-05-08,,,,,,
2014-05-09,,,,,,
2014-05-12,,,,,,
2014-05-13,,,,,,
2014-05-14,,,,,,
2014-05-15,,,,,,
2014-05-16,,,,,,
2014-05-19,,,,,,
2014-05-20,,,,,,
2014-05-21,,,,,,
2014-05-22,,,,,,
2014-05-23,,,,,,
2014-05-26,,,,,,
2014-05-27,,,,,,
2014-05-28,,,,,,
2014-05-29,,,,,,
2014-05-30,,,,,,
2014-06-03,,,,,,
2014-06-04,,,,,,
2014-06-05,,,,,,
2014-06-06,,,,,,
2014-06-09,,,,,,
2014-06-10,,,,,,
2014-06-11,,,,,,
2014-06-12,,,,,,
2014-06-13,,,,,,
2014-06-16,,,,,,
2014-06-17,,,,,,
2014-06-18,,,,,,
2014-06-19,,,,,,
2014-06-20,,,,,,
2014-06-23,,,,,,
2014-06-24,,,,,,
2014-06-25,,,,,,
2014-06-26,,,,,,
2014-06-27,,,,,,
2014-06-30,,,,,,
2014-07-01,,,,,,
2014-07-02,,,,,,
2014-07-03,,,,,,
2014-07-04,,,,,,
2014-07-07,,,,,,
2014-07-08,,,,,,
2014-07-09,,,,,,
2014-07-10,,,,,,
2014-07-11,,,,,,
2014-07-14,,,,,,
2014-07-15,,,,,,
2014-07-16,,,,,,
2014-07-17,,,,,,
2014-07-18,,,,,,
2014-07-21,,,,,,
2014-07-22,,,,,,
2014-07-23,,,,,,
2014-07-24,,,,,,
2014-07-25,,,,,,
2014-07-28,,,,,,
2014-07-29,,,,,,
2014-07-30,,,,,,
2014-07-31,,,,,,
2014-08-01,,,,,,
2014-08-04,,,,,,
2014-08-05,,,,,,
2014-08-06,,,,,,
2014-08-07,,,,,,
2014-08-08,,,,,,
2014-08-11,,,,,,
2014-08-12,,,,,,
2014-08-13,,,,,,
2014-08-14,,,,,,
2014-08-15,,,,,,
2014-08-18,,,,,,
2014-08-19,,,,,,
2014-08-20,,,,,,
2014-08-21,,,,,,
2014-08-22,,,,,,
2014-08-25,,,,,,
2014-08-26,,,,,,
2014-08-27,,,,,,
2014-08-28,,,,,,
2014-08-29,,,,,,
2014-09-01,,,,,,
2014-09-02,,,,,,
2014-09-03,,,,,,
2014-09-04,,,,,,
2014-09-05,,,,,,
2014-09-09,,,,,,
2014-09-10,,,,,,
2014-09-11,,,,,,
2014-09-12,,,,,,
2014-09-15,,,,,,
2014-09-16,,,,,,
2014-09-17,,,,,,
2014-09-18,,,,,,
2014-09-19,,,,,,
2014-09-22,,,,,,
2014-09-23,,,,,,
2014-09-24,,,,,,
2014-09-25,,,,,,
2014-09-26,,,,,,
2014-09-29,,,,,,
2014-09-30,,,,,,
2014-10-08,,,,,,
2014-10-09,,,,,,
2014-10-10,,,,,,
2014-10-13,,,,,,
2014-10-14,,,,,,
2014-10-15,,,,,,
2014-10-16,,,,,,
2014-10-17,,,,,,
2014-10-20,,,,,,
2014-10-21,,,,,,
2014-10-22,,,,,,
2014-10-23,,,,,,
2014-10-24,,,,,,
2014-10-27,,,,,,
2014-10-28,,,,,,
2014-10-29,,,,,,
2014-10-30,,,,,,
2014-10-31,,,,,,
2014-11-03,,,,,,
2014-11-04,,,,,,
2014-11-05,,,,,,
2014-11-06,,,,,,
2014-11-07,,,,,,
2014-11-10,,,,,,
2014-11-11,,,,,,
2014-11-12,,,,,,
2014-11-13,,,,,,
2014-11-14,,,,,,
2014-11-17,,,,,,
2014-11-18,,,,,,
2014-11-19,,,,,,
2014-11-20,,,,,,
2014-11-21,,,,,,
2014-11-24,,,,,,
2014-11-25,,,,,,
2014-11-26,,,,,,
2014-11-27,,,,,,
2014-11-28,,,,,,
2014-12-01,,,,,,
2014-12-02,,,,,,
2014-12-03,,,,,,
2014-12-04,,,,,,
2014-12-05,,,,,,
2014-12-08,,,,,,
2014-12-09,,,,,,
2014-12-10,,,,,,
2014-12-11,,,,,,
2014-12-12,,,,,,
2014-12-15,,,,,,
2014-12-16,,,,,,
2014-12-17,,,,,,
2014-12-18,,,,,,
2014-12-19,,,,,,
2014-12-22,,,,,,
2014-12-23,,,,,,
2014-12-24,,,,,,
2014-12-25,,,,,,
2014-12-26,,,,,,
2014-12-29,,,,,,
2014-12-30,,,,,,
2014-12-31,,,,,,
2015-01-05,,,,,,
2015-01-06,,,,,,
2015-01-07,,,,,,
2015-01-08,,,,,,
2015-01-09,,,,,,
2015-01-12,,,,,,
2015-01-13,,,,,,
2015-01-14,,,,,,
2015-01-15,,,,,,
2015-01-16,,,,,,
2015-01-19,,,,,,
2015-01-20,,,,,,
2015-01-21,,,,,,
2015-01-22,,,,,,
2015-01-23,,,,,,
2015-01-26,,,,,,
2015-01-27,,,,,,
2015-01-28,,,,,,
2015-01-29,,,,,,
2015-01-30,,,,,,
2015-02-02,,,,,,
2015-02-03,,,,,,
2015-02-04,,,,,,
2015-02-05,,,,,,
2015-02-06,,,,,,
2015-02-09,,,,,,
2015-02-10,,,,,,
2015-02-11,,,,,,
2015-02-12,,,,,,
2015-02-13,,,,,,
2015-02-16,,,,,,
2015-02-17,,,,,,
2015-02-25,,,,,,
2015-02-26,,,,,,
2015-02-27,,,,,,
2015-03-02,,,,,,
2015-03-03,,,,,,
2015-03-04,,,,,,
2015-03-05,,,,,,
2015-03-06,,,,,,
2015-03-09,,,,,,
2015-03-10,,,,,,
2015-03-11,,,,,,
2015-03-12,,,,,,
2015-03-13,,,,,,
2015-03-16,,,,,,
2015-03-17,,,,,,
2015-03-18,,,,,,
2015-03-19,,,,,,
2015-03-20,,,,,,
2015-03-23,,,,,,
2015-03-24,,,,,,
2015-03-25,,,,,,
2015-03-26,,,,,,
2015-03-27,,,,,,
2015-03-30,,,,,,
2015-03-31,,,,,,
2015-04-01,,,,,,
2015-04-02,,,,,,
2015-04-03,,,,,,
2015-04-07,,,,,,
2015-04-08,,,,,,
2015-04-09,,,,,,
2015-04-10,,,,,,
2015-04-13,,,,,,
2015-04-14,,,,,,
2015-04-15,,,,,,
2015-04-16,,,,,,
2015-04-17,,,,,,
2015-04-20,,,,,,
2015-04-21,,,,,,
2015-04-22,,,,,,
2015-04-23,,,,,,
2015-04-24,,,,,,
2015-04-27,,,,,,
2015-04-28,,,,,,
2015-04-29,,,,,,
2015-04-30,,,,,,
2015-05-04,,,,,,
2015-05-05,,,,,,
2015-05-06,,,,,,
2015-05-07,,,,,,
2015-05-08,,,,,,
2015-05-11,,,,,,
2015-05-12,,,,,,
2015-05-13,,,,,,
2015-05-14,,,,,,
2015-05-15,,,,,,
2015-05-18,,,,,,
2015-05-19,,,,,,
2015-05-20,,,,,,
2015-05-21,,,,,,
2015-05-22,,,,,,
2015-05-25,,,,,,
2015-05-26,,,,,,
2015-05-27,,,,,,
2015-05-28,,,,,,
2015-05-29,,,,,,
2015-06-01,,,,,,
2015-06-02,,,,,,
2015-06-03,,,,,,
2015-06-04,,,,,,
2015-06-05,,,,,,
2015-06-08,,,,,,
2015-06-09,,,,,,
2015-06-10,,,,,,
2015-06-11,,,,,,
2015-06-12,,,,,,
2015-06-15,,,,,,
2015-06-16,,,,,,
2015-06-17,,,,,,
2015-06-18,,,,,,
2015-06-19,,,,,,
2015-06-23,,,,,,
2015-06-24,,,,,,
2015-06-25,,,,,,
2015-06-26,,,,,,
2015-06-29,,,,,,
2015-06-30,,,,,,
2015-07-01,,,,,,
2015-07-02,,,,,,
2015-07-03,,,,,,
2015-07-06,,,,,,
2015-07-07,,,,,,
2015-07-08,,,,,,
2015-07-09,,,,,,
2015-07-10,,,,,,
2015-07-13,,,,,,
2015-07-14,,,,,,
2015-07-15,,,,,,
2015-07-16,,,,,,
2015-07-17,,,,,,
2015-07-20,,,,,,
2015-07-21,,,,,,
2015-07-22,,,,,,
2015-07-23,,,,,,
2015-07-24,,,,,,
2015-07-27,,,,,,
2015-07-28,,,,,,
2015-07-29,,,,,,
2015-07-30,,,,,,
2015-07-31,,,,,,
2015-08-03,,,,,,
2015-08-04,,,,,,
2015-08-05,,,,,,
2015-08-06,,,,,,
2015-08-07,,,,,,
2015-08-10,,,,,,
2015-08-11,,,,,,
2015-08-12,,,,,,
2015-08-13,,,,,,
2015-08-14,,,,,,
2015-08-17,,,,,,
2015-08-18,,,,,,
2015-08-19,,,,,,
2015-08-20,,,,,,
2015-08-21,,,,,,
2015-08-24,,,,,,
2015-08-25,,,,,,
2015-08-26,,,,,,
2015-08-27,,,,,,
2015-08-28,,,,,,
2015-08-31,,,,,,
2015-09-01,,,,,,
2015-09-02,,,,,,
2015-09-07,,,,,,
2015-09-08,,,,,,
2015-09-09,,,,,,
2015-09-10,,,,,,
2015-09-11,,,,,,
2015-09-14,,,,,,
2015-09-15,,,,,,
2015-09-16,,,,,,
2015-09-17,,,,,,
2015-09-18,,,,,,
2015-09-21,,,,,,
2015-09-22,,,,,,
2015-09-23,,,,,,
2015-09-24,,,,,,
2015-09-25,,,,,,
2015-09-28,,,,,,
2015-09-29,,,,,,
2015-09-30,,,,,,
2015-10-08,,,,,,
2015-10-09,,,,,,
2015-10-12,,,,,,
2015-10-13,,,,,,
2015-10-14,,,,,,
2015-10-15,,,,,,
2015-10-16,,,,,,
2015-10-19,,,,,,
2015-10-20,,,,,,
2015-10-21,,,,,,
2015-10-22,,,,,,
2015-10-23,,,,,,
2015-10-26,,,,,,
2015-10-27,,,,,,
2015-10-28,,,,,,
2015-10-29,,,,,,
2015-10-30,,,,,,
2015-11-02,,,,,,
2015-11-03,,,,,,
2015-11-04,,,,,,
2015-11-05,,,,,,
2015-11-06,,,,,,
2015-11-09,,,,,,
2015-11-10,,,,,,
2015-11-11,,,,,,
2015-11-12,,,,,,
2015-11-13,,,,,,
2015-11-16,,,,,,
2015-11-17,,,,,,
2015-11-18,,,,,,
2015-11-19,,,,,,
2015-11-20,,,,,,
2015-11-23,,,,,,
2015-11-24,,,,,,
2015-11-25,,,,,,
2015-11-26,,,,,,
2015-11-27,,,,,,
2015-11-30,,,,,,
2015-12-01,,,,,,
2015-12-02,,,,,,
2015-12-03,,,,,,
2015-12-04,,,,,,
2015-12-07,,,,,,
2015-12-08,,,,,,
2015-12-09,,,,,,
2015-12-10,,,,,,
2015-12-11,,,,,,
2015-12-14,,,,,,
2015-12-15,,,,,,
2015-12-16,,,,,,
2015-12-17,,,,,,
2015-12-18,,,,,,
2015-12-21,,,,,,
2015-12-22,,,,,,
2015-12-23,,,,,,
2015-12-24,,,,,,
2015-12-25,,,,,,
2015-12-28,,,,,,
2015-12-29,,,,,,
2015-12-30,,,,,,
2015-12-31,,,,,,
2016-01-04,,,,,,
2016-01-05,,,,,,
2016-01-06,,,,,,
2016-01-07,,,,,,
2016-01-08,,,,,,
2016-01-11,,,,,,
2016-01-12,,,,,,
2016-01-13,,,,,,
2016-01-14,,,,,,
2016-01-15,,,,,,
2016-01-18,,,,,,
2016-01-19,,,,,,
2016-01-20,,,,,,
2016-01-21,,,,,,
2016-01-22,,,,,,
2016-01-25,,,,,,
2016-01-26,,,,,,
2016-01-27,,,,,,
2016-01-28,,,,,,
2016-01-29,,,,,,
2016-02-01,,,,,,
2016-02-02,,,,,,
2016-02-03,,,,,,
2016-02-04,,,,,,
2016-02-05,,,,,,
2016-02-15,,,,,,
2016-02-16,,,,,,
2016-02-17,,,,,,
2016-02-18,,,,,,
2016-02-19,,,,,,
2016-02-22,,,,,,
2016-02-23,,,,,,
2016-02-24,,,,,,
2016-02-25,,,,,,
2016-02-26,,,,,,
2016-02-29,,,,,,
2016-03-01,,,,,,
2016-03-02,,,,,,
2016-03-03,,,,,,
2016-03-04,,,,,,
2016-03-07,,,,,,
2016-03-08,,,,,,
2016-03-09,,,,,,
2016-03-10,,,,,,
2016-03-11,,,,,,
2016-03-14,,,,,,
2016-03-15,,,,,,
2016-03-16,,,,,,
2016-03-17,,,,,,
2016-03-18,,,,,,
2016-03-21,,,,,,
2016-03-22,,,,,,
2016-03-23,,,,,,
2016-03-24,,,,,,
2016-03-25,,,,,,
2016-03-28,,,,,,
2016-03-29,,,,,,
2016-03-30,,,,,,
2016-03-31,,,,,,
2016-04-01,,,,,,
2016-04-05,,,,,,
2016-04-06,,,,,,
2016-04-07,,,,,,
2016-04-08,,,,,,
2016-04-11,,,,,,
2016-04-12,,,,,,
2016-04-13,,,,,,
2016-04-14,,,,,,
2016-04-15,,,,,,
2016-04-18,,,,,,
2016-04-19,,,,,,
2016-04-20,,,,,,
2016-04-21,,,,,,
2016-04-22,,,,,,
2016-04-25,,,,,,
2016-04-26,,,,,,
2016-04-27,,,,,,
2016-04-28,,,,,,
2016-04-29,,,,,,
2016-05-03,,,,,,
2016-05-04,,,,,,
2016-05-05,,,,,,
2016-05-06,,,,,,
2016-05-09,,,,,,
2016-05-10,,,,,,
2016-05-11,,,,,,
2016-05-12,,,,,,
2016-05-13,,,,,,
2016-05-16,,,,,,
2016-05-17,,,,,,
2016-05-18,,,,,,
2016-05-19,,,,,,
2016-05-20,,,,,,
2016-05-23,,,,,,
2016-05-24,,,,,,
2016-05-25,,,,,,
2016-05-26,,,,,,
2016-05-27,,,,,,
2016-05-30,,,,,,
2016-05-31,,,,,,
2016-06-01,,,,,,
2016-06-02,,,,,,
2016-06-03,,,,,,
2016-06-06,,,,,,
2016-06-07,,,,,,
2016-06-08,,,,,,
2016-06-13,,,,,,
2016-06-14,,,,,,
2016-06-15,,,,,,
2016-06-16,,,,,,
2016-06-17,,,,,,
2016-06-20,,,,,,
2016-06-21,,,,,,
2016-06-22,,,,,,
2016-06-23,,,,,,
2016-06-24,,,,,,
2016-06-27,,,,,,
2016-06-28,,,,,,
2016-06-29,,,,,,
2016-06-30,,,,,,
2016-07-01,,,,,,
2016-07-04,,,,,,
2016-07-05,,,,,,
2016-07-06,,,,,,
2016-07-07,,,,,,
2016-07-08,,,,,,
2016-07-11,,,,,,
2016-07-12,,,,,,
2016-07-13,,,,,,
2016-07-14,,,,,,
2016-07-15,,,,,,
2016-07-18,,,,,,
2016-07-19,,,,,,
2016-07-20,,,,,,
2016-07-21,,,,,,
2016-07-22,,,,,,
2016-07-25,,,,,,
2016-07-26,,,,,,
2016-07-27,,,,,,
2016-07-28,,,,,,
2016-07-29,,,,,,
2016-08-01,,,,,,
2016-08-02,,,,,,
2016-08-03,,,,,,
2016-08-04,,,,,,
2016-08-05,,,,,,
2016-08-08,,,,,,
2016-08-09,,,,,,
2016-08-10,,,,,,
2016-08-11,,,,,,
2016-08-12,,,,,,
2016-08-15,,,,,,
2016-08-16,,,,,,
2016-08-17,,,,,,
2016-08-18,,,,,,
2016-08-19,,,,,,
2016-08-22,,,,,,
2016-08-23,,,,,,
2016-08-24,,,,,,
2016-08-25,,,,,,
2016-08-26,,,,,,
2016-08-29,,,,,,
2016-08-30,,,,,,
2016-08-31,,,,,,
2016-09-01,,,,,,
2016-09-02,,,,,,
2016-09-05,,,,,,
2016-09-06,,,,,,
2016-09-07,,,,,,
2016-09-08,,,,,,
2016-09-09,,,,,,
2016-09-12,,,,,,
2016-09-13,,,,,,
2016-09-14,,,,,,
2016-09-19,,,,,,
2016-09-20,,,,,,
2016-09-21,,,,,,
2016-09-22,,,,,,
2016-09-23,,,,,,
2016-09-26,,,,,,
2016-09-27,,,,,,
2016-09-28,,,,,,
2016-09-29,,,,,,
2016-09-30,,,,,,
2016-10-10,,,,,,
2016-10-11,,,,,,
2016-10-12,,,,,,
2016-10-13,,,,,,
2016-10-14,,,,,,
2016-10-17,,,,,,
2016-10-18,,,,,,
2016-10-19,,,,,,
2016-10-20,,,,,,
2016-10-21,,,,,,
2016-10-24,,,,,,
2016-10-25,,,,,,
2016-10-26,,,,,,
2016-10-27,,,,,,
2016-10-28,,,,,,
2016-10-31,,,,,,
2016-11-01,,,,,,
2016-11-02,,,,,,
2016-11-03,,,,,,
2016-11-04,,,,,,
2016-11-07,,,,,,
2016-11-08,,,,,,
2016-11-09,,,,,,
2016-11-10,,,,,,
2016-11-11,,,,,,
2016-11-14,,,,,,
2016-11-15,,,,,,
2016-11-16,,,,,,
2016-11-17,,,,,,
2016-11-18,,,,,,
2016-11-21,,,,,,
2016-11-22,,,,,,
2016-11-23,,,,,,
2016-11-24,,,,,,
2016-11-25,,,,,,
2016-11-28,,,,,,
2016-11-29,,,,,,
2016-11-30,,,,,,
2016-12-01,,,,,,
2016-12-02,,,,,,
2016-12-05,,,,,,
2016-12-06,,,,,,
2016-12-07,,,,,,
2016-12-08,,,,,,
2016-12-09,,,,,,
2016-12-12,,,,,,
2016-12-13,,,,,,
2016-12-14,,,,,,
2016-12-15,,,,,,
2016-12-16,,,,,,
2016-12-19,,,,,,
2016-12-20,,,,,,
2016-12-21,,,,,,
2016-12-22,,,,,,
2016-12-23,,,,,,
2016-12-26,,,,,,
2016-12-27,,,,,,
2016-12-28,,,,,,
2016-12-29,,,,,,
2016-12-30,,,,,,
2017-01-03,,,,,,
2017-01-04,,,,,,
2017-01-05,,,,,,
2017-01-06,,,,,,
2017-01-09,,,,,,
2017-01-10,,,,,,
2017-01-11,,,,,,
2017-01-12,,,,,,
2017-01-13,,,,,,
2017-01-16,,,,,,
2017-01-17,,,,,,
2017-01-18,,,,,,
2017-01-19,,,,,,
2017-01-20,,,,,,
2017-01-23,,,,,,
2017-01-24,,,,,,
2017-01-25,,,,,,
2017-01-26,,,,,,
2017-02-03,,,,,,
2017-02-06,,,,,,
2017-02-07,,,,,,
2017-02-08,,,,,,
2017-02-09,,,,,,
2017-02-10,,,,,,
2017-02-13,,,,,,
2017-02-14,,,,,,
2017-02-15,,,,,,
2017-02-16,,,,,,
2017-02-17,,,,,,
2017-02-20,,,,,,
2017-02-21,,,,,,
2017-02-22,,,,,,
2017-02-23,,,,,,
2017-02-24,,,,,,
2017-02-27,,,,,,
2017-02-28,,,,,,
2017-03-01,,,,,,
2017-03-02,,,,,,
2017-03-03,,,,,,
2017-03-06,,,,,,
2017-03-07,,,,,,
2017-03-08,,,,,,
2017-03-09,,,,,,
2017-03-10,,,,,,
2017-03-13,,,,,,
2017-03-14,,,,,,
2017-03-15,,,,,,
2017-03-16,,,,,,
2017-03-17,,,,,,
2017-03-20,,,,,,
2017-03-21,,,,,,
2017-03-22,,,,,,
2017-03-23,,,,,,
2017-03-24,,,,,,
2017-03-27,,,,,,
2017-03-28,,,,,,
2017-03-29,,,,,,
2017-03-30,,,,,,
2017-03-31,,,,,,
2017-04-05,,,,,,
2017-04-06,,,,,,
2017-04-07,,,,,,
2017-04-10,,,,,,
2017-04-11,,,,,,
2017-04-12,,,,,,
2017-04-13,,,,,,
2017-04-14,,,,,,
2017-04-17,,,,,,
2017-04-18,,,,,,
2017-04-19,,,,,,
2017-04-20,,,,,,
2017-04-21,,,,,,
2017-04-24,,,,,,
2017-04-25,,,,,,
2017-04-26,,,,,,
2017-04-27,,,,,,
2017-04-28,,,,,,
2017-05-02,,,,,,
2017-05-03,,,,,,
2017-05-04,,,,,,
2017-05-05,,,,,,
2017-05-08,,,,,,
2017-05-09,,,,,,
2017-05-10,,,,,,
2017-05-11,,,,,,
2017-05-12,,,,,,
2017-05-15,,,,,,
2017-05-16,,,,,,
2017-05-17,,,,,,
2017-05-18,,,,,,
2017-05-19,,,,,,
2017-05-22,,,,,,
2017-05-23,,,,,,
2017-05-24,,,,,,
2017-05-25,,,,,,
2017-05-26,,,,,,
2017-05-31,,,,,,
2017-06-01,,,,,,
2017-06-02,,,,,,
2017-06-05,,,,,,
2017-06-06,,,,,,
2017-06-07,,,,,,
2017-06-08,,,,,,
2017-06-09,,,,,,
2017-06-12,,,,,,
2017-06-13,,,,,,
2017-06-14,,,,,,
2017-06-15,,,,,,
2017-06-16,,,,,,
2017-06-19,,,,,,
2017-06-20,,,,,,
2017-06-21,,,,,,
2017-06-22,,,,,,
2017-06-23,,,,,,
2017-06-26,,,,,,
2017-06-27,,,,,,
2017-06-28,,,,,,
2017-06-29,,,,,,
2017-06-30,,,,,,
2017-07-03,,,,,,
2017-07-04,,,,,,
2017-07-05,,,,,,
2017-07-06,,,,,,
2017-07-07,,,,,,
2017-07-10,,,,,,
2017-07-11,,,,,,
2017-07-12,,,,,,
2017-07-13,,,,,,
2017-07-14,,,,,,
2017-07-17,,,,,,
2017-07-18,,,,,,
2017-07-19,,,,,,
2017-07-20,,,,,,
2017-07-21,,,,,,
2017-07-24,,,,,,
2017-07-25,,,,,,
2017-07-26,,,,,,
2017-07-27,,,,,,
2017-07-28,,,,,,
2017-07-31,,,,,,
2017-08-01,,,,,,
2017-08-02,,,,,,
2017-08-03,,,,,,
2017-08-04,,,,,,
2017-08-07,,,,,,
2017-08-08,,,,,,
2017-08-09,,,,,,
2017-08-10,,,,,,
2017-08-11,,,,,,
2017-08-14,,,,,,
2017-08-15,,,,,,
2017-08-16,,,,,,
2017-08-17,,,,,,
2017-08-18,,,,,,
2017-08-21,,,,,,
2017-08-22,,,,,,
2017-08-23,,,,,,
2017-08-24,,,,,,
2017-08-25,,,,,,
2017-08-28,,,,,,
2017-08-29,,,,,,
2017-08-30,,,,,,
2017-08-31,,,,,,
2017-09-01,,,,,,
2017-09-04,,,,,,
2017-09-05,,,,,,
2017-09-06,,,,,,
2017-09-07,,,,,,
2017-09-08,,,,,,
2017-09-11,,,,,,
2017-09-12,,,,,,
2017-09-13,,,,,,
2017-09-14,,,,,,
2017-09-15,,,,,,
2017-09-18,,,,,,
2017-09-19,,,,,,
2017-09-20,,,,,,
2017-09-21,,,,,,
2017-09-22,,,,,,
2017-09-25,,,,,,
2017-09-26,,,,,,
2017-09-27,,,,,,
2017-09-28,,,,,,
2017-09-29,,,,,,
2017-10-09,,,,,,
2017-10-10,,,,,,
2017-10-11,,,,,,
2017-10-12,,,,,,
2017-10-13,,,,,,
2017-10-16,,,,,,
2017-10-17,,,,,,
2017-10-18,,,,,,
2017-10-19,,,,,,
2017-10-20,,,,,,
2017-10-23,,,,,,
2017-10-24,,,,,,
2017-10-25,,,,,,
2017-10-26,,,,,,
2017-10-27,,,,,,
2017-10-30,,,,,,
2017-10-31,,,,,,
2017-11-01,,,,,,
2017-11-02,,,,,,
2017-11-03,,,,,,
2017-11-06,,,,,,
2017-11-07,,,,,,
2017-11-08,,,,,,
2017-11-09,,,,,,
2017-11-10,,,,,,
2017-11-13,,,,,,
2017-11-14,,,,,,
2017-11-15,,,,,,
2017-11-16,,,,,,
2017-11-17,,,,,,
2017-11-20,,,,,,
2017-11-21,,,,,,
2017-11-22,,,,,,
2017-11-23,,,,,,
2017-11-24,,,,,,
2017-11-27,,,,,,
2017-11-28,,,,,,
2017-11-29,,,,,,
2017-11-30,,,,,,
2017-12-01,,,,,,
2017-12-04,,,,,,
2017-12-05,,,,,,
2017-12-06,,,,,,
2017-12-07,,,,,,
2017-12-08,,,,,,
2017-12-11,,,,,,
2017-12-12,,,,,,
2017-12-13,,,,,,
2017-12-14,,,,,,
2017-12-15,,,,,,
2017-12-18,,,,,,
2017-12-19,,,,,,
2017-12-20,,,,,,
2017-12-21,,,,,,
2017-12-22,,,,,,
2017-12-25,,,,,,
2017-12-26,,,,,,
2017-12-27,,,,,,
2017-12-28,,,,,,
2017-12-29,,,,,,
2018-01-02,,,,,,
2018-01-03,,,,,,
2018-01-04,,,,,,
2018-01-05,,,,,,
2018-01-08,,,,,,
2018-01-09,,,,,,
2018-01-10,,,,,,
2018-01-11,,,,,,
2018-01-12,,,,,,
2018-01-15,,,,,,
2018-01-16,,,,,,
2018-01-17,,,,,,
2018-01-18,,,,,,
2018-01-19,,,,,,
2018-01-22,,,,,,
2018-01-23,,,,,,
2018-01-24,,,,,,
2018-01-25,,,,,,
2018-01-26,,,,,,
2018-01-29,,,,,,
2018-01-30,,,,,,
2018-01-31,,,,,,
2018-02-01,,,,,,
2018-02-02,,,,,,
2018-02-05,,,,,,
2018-02-06,,,,,,
2018-02-07,,,,,,
2018-02-08,,,,,,
2018-02-09,,,,,,
2018-02-12,,,,,,
2018-02-13,,,,,,
2018-02-14,,,,,,
2018-02-22,,,,,,
2018-02-23,,,,,,
2018-02-26,,,,,,
2018-02-27,,,,,,
2018-02-28,,,,,,
2018-03-01,,,,,,
2018-03-02,,,,,,
2018-03-05,,,,,,
2018-03-06,,,,,,
2018-03-07,,,,,,
2018-03-08,,,,,,
2018-03-09,,,,,,
2018-03-12,,,,,,
2018-03-13,,,,,,
2018-03-14,,,,,,
2018-03-15,,,,,,
2018-03-16,,,,,,
2018-03-19,,,,,,
2018-03-20,,,,,,
2018-03-21,,,,,,
2018-03-22,,,,,,
2018-03-23,,,,,,
2018-03-26,,,,,,
2018-03-27,,,,,,
2018-03-28,,,,,,
2018-03-29,,,,,,
2018-03-30,,,,,,
2018-04-02,,,,,,
2018-04-03,,,,,,
2018-04-04,,,,,,
2018-04-09,,,,,,
2018-04-10,,,,,,
2018-04-11,,,,,,
2018-04-12,,,,,,
2018-04-13,,,,,,
2018-04-16,,,,,,
2018-04-17,,,,,,
2018-04-18,,,,,,
2018-04-19,,,,,,
2018-04-20,,,,,,
2018-04-23,,,,,,
2018-04-24,,,,,,
2018-04-25,,,,,,
2018-04-26,,,,,,
2018-04-27,,,,,,
2018-05-02,,,,,,
2018-05-03,,,,,,
2018-05-04,,,,,,
2018-05-07,,,,,,
2018-05-08,,,,,,
2018-05-09,,,,,,
2018-05-10,,,,,,
2018-05-11,,,,,,
2018-05-14,,,,,,
2018-05-15,,,,,,
2018-05-16,,,,,,
2018-05-17,,,,,,
2018-05-18,,,,,,
2018-05-21,,,,,,
2018-05-22,,,,,,
2018-05-23,,,,,,
2018-05-24,,,,,,
2018-05-25,,,,,,
2018-05-28,,,,,,
2018-05-29,,,,,,
2018-05-30,,,,,,
2018-05-31,,,,,,
2018-06-01,,,,,,
2018-06-04,,,,,,
2018-06-05,,,,,,
2018-06-06,,,,,,
2018-06-07,,,,,,
2018-06-08,,,,,,
2018-06-11,,,,,,
2018-06-12,,,,,,
2018-06-13,,,,,,
2018-06-14,,,,,,
2018-06-15,,,,,,
2018-06-19,,,,,,
2018-06-20,,,,,,
2018-06-21,,,,,,
2018-06-22,,,,,,
2018-06-25,,,,,,
2018-06-26,,,,,,
2018-06-27,,,,,,
2018-06-28,,,,,,
2018-06-29,,,,,,
2018-07-02,,,,,,
2018-07-03,,,,,,
2018-07-04,,,,,,
2018-07-05,,,,,,
2018-07-06,,,,,,
2018-07-09,,,,,,
2018-07-10,,,,,,
2018-07-11,,,,,,
2018-07-12,,,,,,
2018-07-13,,,,,,
2018-07-16,,,,,,
2018-07-17,,,,,,
2018-07-18,,,,,,
2018-07-19,,,,,,
2018-07-20,,,,,,
2018-07-23,,,,,,
2018-07-24,,,,,,
2018-07-25,,,,,,
2018-07-26,,,,,,
2018-07-27,,,,,,
2018-07-30,,,,,,
2018-07-31,,,,,,
2018-08-01,,,,,,
2018-08-02,,,,,,
2018-08-03,,,,,,
2018-08-06,,,,,,
2018-08-07,,,,,,
2018-08-08,,,,,,
2018-08-09,,,,,,
2018-08-10,,,,,,
2018-08-13,,,,,,
2018-08-14,,,,,,
2018-08-15,,,,,,
2018-08-16,,,,,,
2018-08-17,,,,,,
2018-08-20,,,,,,
2018-08-21,,,,,,
2018-08-22,,,,,,
2018-08-23,,,,,,
2018-08-24,,,,,,
2018-08-27,,,,,,
2018-08-28,,,,,,
2018-08-29,,,,,,
2018-08-30,,,,,,
2018-08-31,,,,,,
2018-09-03,,,,,,
2018-09-04,,,,,,
2018-09-05,,,,,,
2018-09-06,,,,,,
2018-09-07,,,,,,
2018-09-10,,,,,,
2018-09-11,,,,,,
2018-09-12,,,,,,
2018-09-13,,,,,,
2018-09-14,,,,,,
2018-09-17,,,,,,
2018-09-18,,,,,,
2018-09-19,,,,,,
2018-09-20,,,,,,
2018-09-21,,,,,,
2018-09-25,,,,,,
2018-09-26,,,,,,
2018-09-27,,,,,,
2018-09-28,,,,,,
2018-10-08,,,,,,
2018-10-09,,,,,,
2018-10-10,,,,,,
2018-10-11,,,,,,
2018-10-12,,,,,,
2018-10-15,,,,,,
2018-10-16,,,,,,
2018-10-17,,,,,,
2018-10-18,,,,,,
2018-10-19,,,,,,
2018-10-22,,,,,,
2018-10-23,,,,,,
2018-10-24,,,,,,
2018-10-25,,,,,,
2018-10-26,,,,,,
2018-10-29,,,,,,
2018-10-30,,,,,,
2018-10-31,,,,,,
2018-11-01,,,,,,
2018-11-02,,,,,,
2018-11-05,,,,,,
2018-11-06,,,,,,
2018-11-07,,,,,,
2018-11-08,,,,,,
2018-11-09,,,,,,
2018-11-12,,,,,,
2018-11-13,,,,,,
2018-11-14,,,,,,
2018-11-15,,,,,,
2018-11-16,,,,,,
2018-11-19,,,,,,
2018-11-20,,,,,,
2018-11-21,,,,,,
2018-11-22,,,,,,
2018-11-23,,,,,,
2018-11-26,,,,,,
2018-11-27,,,,,,
2018-11-28,,,,,,
2018-11-29,,,,,,
2018-11-30,,,,,,
2018-12-03,,,,,,
2018-12-04,,,,,,
2018-12-05,,,,,,
2018-12-06,,,,,,
2018-12-07,,,,,,
2018-12-10,,,,,,
2018-12-11,,,,,,
2018-12-12,,,,,,
2018-12-13,,,,,,
2018-12-14,,,,,,
2018-12-17,,,,,,
2018-12-18,,,,,,
2018-12-19,,,,,,
2018-12-20,,,,,,
2018-12-21,,,,,,
2018-12-24,,,,,,
2018-12-25,,,,,,
2018-12-26,,,,,,
2018-12-27,,,,,,
2018-12-28,,,,,,
2019-01-02,,,,,,
2019-01-03,,,,,,
2019-01-04,,,,,,
2019-01-07,,,,,,
2019-01-08,,,,,,
2019-01-09,,,,,,
2019-01-10,,,,,,
2019-01-11,,,,,,
2019-01-14,,,,,,
2019-01-15,,,,,,
2019-01-16,,,,,,
2019-01-17,,,,,,
2019-01-18,,,,,,
2019-01-21,,,,,,
2019-01-22,,,,,,
2019-01-23,,,,,,
2019-01-24,,,,,,
2019-01-25,,,,,,
2019-01-28,,,,,,
2019-01-29,,,,,,
2019-01-30,,,,,,
2019-01-31,,,,,,
2019-02-01,,,,,,
2019-02-11,,,,,,
2019-02-12,,,,,,
2019-02-13,,,,,,
2019-02-14,,,,,,
2019-02-15,,,,,,
2019-02-18,,,,,,
2019-02-19,,,,,,
2019-02-20,,,,,,
2019-02-21,,,,,,
2019-02-22,,,,,,
2019-02-25,,,,,,
2019-02-26,,,,,,
2019-02-27,,,,,,
2019-02-28,,,,,,
2019-03-01,,,,,,
2019-03-04,,,,,,
2019-03-05,,,,,,
2019-03-06,,,,,,
2019-03-07,,,,,,
2019-03-08,,,,,,
2019-03-11,,,,,,
2019-03-12,,,,,,
2019-03-13,,,,,,
2019-03-14,,,,,,
2019-03-15,,,,,,
2019-03-18,,,,,,
2019-03-19,,,,,,
2019-03-20,,,,,,
2019-03-21,,,,,,
2019-03-22,,,,,,
2019-03-25,,,,,,
2019-03-26,,,,,,
2019-03-27,,,,,,
2019-03-28,,,,,,
2019-03-29,,,,,,
2019-04-01,,,,,,
2019-04-02,,,,,,
2019-04-03,,,,,,
2019-04-04,,,,,,
2019-04-08,,,,,,
2019-04-09,,,,,,
2019-04-10,,,,,,
2019-04-11,,,,,,
2019-04-12,,,,,,
2019-04-15,,,,,,
2019-04-16,,,,,,
2019-04-17,,,,,,
2019-04-18,,,,,,
2019-04-19,,,,,,
2019-04-22,,,,,,
2019-04-23,,,,,,
2019-04-24,,,,,,
2019-04-25,,,,,,
2019-04-26,,,,,,
2019-05-06,,,,,,
2019-05-07,,,,,,
2019-05-08,,,,,,
2019-05-09,,,,,,
2019-05-10,,,,,,
2019-05-13,,,,,,
2019-05-14,,,,,,
2019-05-15,,,,,,
2019-05-16,,,,,,
2019-05-17,,,,,,
2019-05-20,,,,,,
2019-05-21,,,,,,
2019-05-22,,,,,,
2019-05-23,,,,,,
2019-05-24,,,,,,
2019-05-27,,,,,,
2019-05-28,,,,,,
2019-05-29,,,,,,
2019-05-30,,,,,,
2019-05-31,,,,,,
2019-06-03,,,,,,
2019-06-04,,,,,,
2019-06-05,,,,,,
2019-06-06,,,,,,
2019-06-10,,,,,,
2019-06-11,,,,,,
2019-06-12,,,,,,
2019-06-13,,,,,,
2019-06-14,,,,,,
2019-06-17,,,,,,
2019-06-18,,,,,,
2019-06-19,,,,,,
2019-06-20,,,,,,
2019-06-21,,,,,,
2019-06-24,,,,,,
2019-06-25,,,,,,
2019-06-26,,,,,,
2019-06-27,,,,,,
2019-06-28,,,,,,
2019-07-01,,,,,,
2019-07-02,,,,,,
2019-07-03,,,,,,
2019-07-04,,,,,,
2019-07-05,,,,,,
2019-07-08,,,,,,
2019-07-09,,,,,,
2019-07-10,,,,,,
2019-07-11,,,,,,
2019-07-12,,,,,,
2019-07-15,,,,,,
2019-07-16,,,,,,
2019-07-17,,,,,,
2019-07-18,,,,,,
2019-07-19,,,,,,
2019-07-22,,,,,,
2019-07-23,,,,,,
2019-07-24,,,,,,
2019-07-25,,,,,,
2019-07-26,,,,,,
2019-07-29,,,,,,
2019-07-30,,,,,,
2019-07-31,,,,,,
2019-08-01,,,,,,
2019-08-02,,,,,,
2019-08-05,,,,,,
2019-08-06,,,,,,
2019-08-07,,,,,,
2019-08-08,,,,,,
2019-08-09,,,,,,
2019-08-12,,,,,,
2019-08-13,,,,,,
2019-08-14,,,,,,
2019-08-15,,,,,,
2019-08-16,,,,,,
2019-08-19,,,,,,
2019-08-20,,,,,,
2019-08-21,,,,,,
2019-08-22,,,,,,
2019-08-23,,,,,,
2019-08-26,,,,,,
2019-08-27,,,,,,
2019-08-28,,,,,,
2019-08-29,,,,,,
2019-08-30,,,,,,
2019-09-02,,,,,,
2019-09-03,,,,,,
2019-09-04,,,,,,
2019-09-05,,,,,,
2019-09-06,,,,,,
2019-09-09,,,,,,
2019-09-10,,,,,,
2019-09-11,,,,,,
2019-09-12,,,,,,
2019-09-16,,,,,,
2019-09-17,,,,,,
2019-09-18,,,,,,
2019-09-19,,,,,,
2019-09-20,,,,,,
2019-09-23,,,,,,
2019-09-24,,,,,,
2019-09-25,,,,,,
2019-09-26,,,,,,
2019-09-27,,,,,,
2019-09-30,,,,,,
2019-10-08,,,,,,
2019-10-09,,,,,,
2019-10-10,,,,,,
2019-10-11,,,,,,
2019-10-14,,,,,,
2019-10-15,,,,,,
2019-10-16,,,,,,
2019-10-17,,,,,,
2019-10-18,,,,,,
2019-10-21,,,,,,
2019-10-22,,,,,,
2019-10-23,,,,,,
2019-10-24,,,,,,
2019-10-25,,,,,,
2019-10-28,,,,,,
2019-10-29,,,,,,
2019-10-30,,,,,,
2019-10-31,,,,,,
2019-11-01,,,,,,
2019-11-04,,,,,,
2019-11-05,,,,,,
2019-11-06,,,,,,
2019-11-07,,,,,,
2019-11-08,,,,,,
2019-11-11,,,,,,
2019-11-12,,,,,,
2019-11-13,,,,,,
2019-11-14,,,,,,
2019-11-15,,,,,,
2019-11-18,,,,,,
2019-11-19,,,,,,
2019-11-20,,,,,,
2019-11-21,,,,,,
2019-11-22,,,,,,
2019-11-25,,,,,,
2019-11-26,,,,,,
2019-11-27,,,,,,
2019-11-28,,,,,,
2019-11-29,,,,,,
2019-12-02,,,,,,
2019-12-03,,,,,,
2019-12-04,,,,,,
2019-12-05,,,,,,
2019-12-06,,,,,,
2019-12-09,,,,,,
2019-12-10,,,,,,
2019-12-11,,,,,,
2019-12-12,,,,,,
2019-12-13,,,,,,
2019-12-16,,,,,,
2019-12-17,,,,,,
2019-12-18,,,,,,
2019-12-19,,,,,,
2019-12-20,,,,,,
2019-12-23,,,,,,
2019-12-24,,,,,,
2019-12-25,,,,,,
2019-12-26,,,,,,
2019-12-27,,,,,,
2019-12-30,,,,,,
2019-12-31,,,,,,
2020-01-02,,,,,,
2020-01-03,,,,,,
2020-01-06,,,,,,
2020-01-07,,,,,,
2020-01-08,,,,,,
2020-01-09,,,,,,
2020-01-10,,,,,,
2020-01-13,,,,,,
2020-01-14,,,,,,
2020-01-15,,,,,,
2020-01-16,,,,,,
2020-01-17,,,,,,
2020-01-20,,,,,,
2020-01-21,,,,,,
2020-01-22,,,,,,
2020-01-23,,,,,,
2020-02-03,,,,,,
2020-02-04,,,,,,
2020-02-05,,,,,,
2020-02-06,,,,,,
2020-02-07,,,,,,
2020-02-10,,,,,,
2020-02-11,,,,,,
2020-02-12,,,,,,
2020-02-13,,,,,,
2020-02-14,,,,,,
2020-02-17,,,,,,
2020-02-18,,,,,,
2020-02-19,,,,,,
2020-02-20,,,,,,
2020-02-21,,,,,,
2020-02-24,,,,,,
2020-02-25,,,,,,
2020-02-26,,,,,,
2020-02-27,,,,,,
2020-02-28,,,,,,
2020-03-02,,,,,,
2020-03-03,,,,,,
2020-03-04,,,,,,
2020-03-05,,,,,,
2020-03-06,,,,,,
2020-03-09,,,,,,
2020-03-10,,,,,,
2020-03-11,,,,,,
2020-03-12,,,,,,
2020-03-13,,,,,,
2020-03-16,,,,,,
2020-03-17,,,,,,
2020-03-18,,,,,,
2020-03-19,,,,,,
2020-03-20,,,,,,
2020-03-23,,,,,,
2020-03-24,,,,,,
2020-03-25,,,,,,
2020-03-26,,,,,,
2020-03-27,,,,,,
2020-03-30,,,,,,
2020-03-31,,,,,,
2020-04-01,,,,,,
2020-04-02,,,,,,
2020-04-03,,,,,,
2020-04-07,,,,,,
2020-04-08,,,,,,
2020-04-09,,,,,,
2020-04-10,,,,,,
2020-04-13,,,,,,
2020-04-14,,,,,,
2020-04-15,,,,,,
2020-04-16,,,,,,
2020-04-17,,,,,,
2020-04-20,,,,,,
2020-04-21,,,,,,
2020-04-22,,,,,,
2020-04-23,,,,,,
2020-04-24,,,,,,
2020-04-27,,,,,,
2020-04-28,,,,,,
2020-04-29,,,,,,
2020-04-30,,,,,,
2020-05-06,,,,,,
2020-05-07,,,,,,
2020-05-08,,,,,,
2020-05-11,,,,,,
2020-05-12,,,,,,
2020-05-13,,,,,,
2020-05-14,,,,,,
2020-05-15,,,,,,
2020-05-18,,,,,,
2020-05-19,,,,,,
2020-05-20,,,,,,
2020-05-21,,,,,,
2020-05-22,,,,,,
2020-05-25,,,,,,
2020-05-26,,,,,,
2020-05-27,,,,,,
2020-05-28,,,,,,
2020-05-29,,,,,,
2020-06-01,,,,,,
2020-06-02,,,,,,
2020-06-03,,,,,,
2020-06-04,,,,,,
2020-06-05,,,,,,
2020-06-08,,,,,,
2020-06-09,,,,,,
2020-06-10,,,,,,
2020-06-11,,,,,,
2020-06-12,,,,,,
2020-06-15,,,,,,
2020-06-16,,,,,,
2020-06-17,,,,,,
2020-06-18,,,,,,
2020-06-19,,,,,,
2020-06-22,,,,,,
2020-06-23,,,,,,
2020-06-24,,,,,,
2020-06-29,,,,,,
2020-06-30,,,,,,
2020-07-01,,,,,,
2020-07-02,,,,,,
2020-07-03,,,,,,
2020-07-06,,,,,,
2020-07-07,,,,,,
2020-07-08,,,,,,
2020-07-09,,,,,,
2020-07-10,,,,,,
2020-07-13,,,,,,
2020-07-14,,,,,,
2020-07-15,,,,,,
2020-07-16,,,,,,
2020-07-17,,,,,,
2020-07-20,,,,,,
2020-07-21,,,,,,
2020-07-22,,,,,,
2020-07-23,,,,,,
2020-07-24,,,,,,
2020-07-27,,,,,,
2020-07-28,,,,,,
2020-07-29,,,,,,
2020-07-30,,,,,,
2020-07-31,,,,,,
2020-08-03,,,,,,
2020-08-04,,,,,,
2020-08-05,,,,,,
2020-08-06,,,,,,
2020-08-07,,,,,,
2020-08-10,,,,,,
2020-08-11,,,,,,
2020-08-12,,,,,,
2020-08-13,,,,,,
2020-08-14,,,,,,
2020-08-17,,,,,,
2020-08-18,,,,,,
2020-08-19,,,,,,
2020-08-20,,,,,,
2020-08-21,,,,,,
2020-08-24,,,,,,
2020-08-25,,,,,,
2020-08-26,,,,,,
2020-08-27,,,,,,
2020-08-28,,,,,,
2020-08-31,,,,,,
2020-09-01,,,,,,
2020-09-02,,,,,,
2020-09-03,,,,,,
2020-09-04,,,,,,
2020-09-07,,,,,,
2020-09-08,,,,,,
2020-09-09,,,,,,
2020-09-10,,,,,,
2020-09-11,,,,,,
2020-09-14,,,,,,
2020-09-15,,,,,,
2020-09-16,,,,,,
2020-09-17,,,,,,
2020-09-18,,,,,,
2020-09-21,,,,,,
2020-09-22,,,,,,
2020-09-23,,,,,,
2020-09-24,,,,,,
2020-09-25,,,,,,
2020-09-28,,,,,,
2020-09-29,,,,,,
2020-09-30,,,,,,
2020-10-09,,,,,,
2020-10-12,,,,,,
2020-10-13,,,,,,
2020-10-14,,,,,,
2020-10-15,,,,,,
2020-10-16,,,,,,
2020-10-19,,,,,,
2020-10-20,,,,,,
2020-10-21,,,,,,
2020-10-22,,,,,,
2020-10-23,,,,,,
2020-10-26,,,,,,
2020-10-27,,,,,,
2020-10-28,,,,,,
2020-10-29,,,,,,
2020-10-30,,,,,,
2020-11-02,,,,,,
2020-11-03,,,,,,
2020-11-04,,,,,,
2020-11-05,,,,,,
2020-11-06,,,,,,
2020-11-09,,,,,,
2020-11-10,,,,,,
2020-11-11,,,,,,
2020-11-12,,,,,,
2020-11-13,,,,,,
2020-11-16,,,,,,
2020-11-17,,,,,,
2020-11-18,,,,,,
2020-11-19,,,,,,
2020-11-20,,,,,,
2020-11-23,,,,,,
2020-11-24,,,,,,
2020-11-25,,,,,,
2020-11-26,,,,,,
2020-11-27,,,,,,
2020-11-30,,,,,,
2020-12-01,,,,,,
2020-12-02,,,,,,
2020-12-03,,,,,,
2020-12-04,,,,,,
2020-12-07,,,,,,
2020-12-08,,,,,,
2020-12-09,,,,,,
2020-12-10,,,,,,
2020-12-11,,,,,,
2020-12-14,,,,,,
2020-12-15,,,,,,
2020-12-16,,,,,,
2020-12-17,,,,,,
2020-12-18,,,,,,
2020-12-21,,,,,,
2020-12-22,,,,,,
2020-12-23,,,,,,
2020-12-24,,,,,,
2020-12-25,,,,,,
2020-12-28,,,,,,
2020-12-29,,,,,,
2020-12-30,,,,,,
2020-12-31,,,,,,
2021-01-04,,,,,,
2021-01-05,,,,,,
2021-01-06,,,,,,
2021-01-07,,,,,,
2021-01-08,,,,,,
2021-01-11,,,,,,
2021-01-12,,,,,,
2021-01-13,,,,,,
2021-01-14,,,,,,
2021-01-15,,,,,,
2021-01-18,,,,,,
2021-01-19,,,,,,
2021-01-20,,,,,,
2021-01-21,,,,,,
2021-01-22,,,,,,
2021-01-25,,,,,,
2021-01-26,,,,,,
2021-01-27,,,,,,
2021-01-28,,,,,,
2021-01-29,,,,,,
2021-02-01,,,,,,
2021-02-02,,,,,,
2021-02-03,,,,,,
2021-02-04,,,,,,
2021-02-05,,,,,,
2021-02-08,,,,,,
2021-02-09,,,,,,
2021-02-10,,,,,,
2021-02-18,,,,,,
2021-02-19,,,,,,
2021-02-22,,,,,,
2021-02-23,,,,,,
2021-02-24,,,,,,
2021-02-25,,,,,,
2021-02-26,,,,,,
2021-03-01,,,,,,
2021-03-02,,,,,,
2021-03-03,,,,,,
2021-03-04,,,,,,
2021-03-05,,,,,,
2021-03-08,,,,,,
2021-03-09,,,,,,
2021-03-10,,,,,,
2021-03-11,,,,,,
2021-03-12,,,,,,
2021-03-15,,,,,,
2021-03-16,,,,,,
2021-03-17,,,,,,
2021-03-18,,,,,,
2021-03-19,,,,,,
2021-03-22,,,,,,
2021-03-23,,,,,,
2021-03-24,,,,,,
2021-03-25,,,,,,
2021-03-26,,,,,,
2021-03-29,,,,,,
2021-03-30,,,,,,
2021-03-31,,,,,,
2021-04-01,,,,,,
2021-04-02,,,,,,
2021-04-06,,,,,,
2021-04-07,,,,,,
2021-04-08,,,,,,
2021-04-09,,,,,,
2021-04-12,,,,,,
2021-04-13,,,,,,
2021-04-14,,,,,,
2021-04-15,,,,,,
2021-04-16,,,,,,
2021-04-19,,,,,,
2021-04-20,,,,,,
2021-04-21,,,,,,
2021-04-22,,,,,,
2021-04-23,,,,,,
2021-04-26,,,,,,
2021-04-27,,,,,,
2021-04-28,,,,,,
2021-04-29,,,,,,
2021-04-30,,,,,,
2021-05-06,,,,,,
2021-05-07,,,,,,
2021-05-10,,,,,,
2021-05-11,,,,,,
2021-05-12,,,,,,
2021-05-13,,,,,,
2021-05-14,,,,,,
2021-05-17,,,,,,
2021-05-18,,,,,,
2021-05-19,,,,,,
2021-05-20,,,,,,
2021-05-21,,,,,,
2021-05-24,,,,,,
2021-05-25,,,,,,
2021-05-26,,,,,,
2021-05-27,,,,,,
2021-05-28,,,,,,
2021-05-31,,,,,,
2021-06-01,,,,,,
2021-06-02,,,,,,
2021-06-03,,,,,,
2021-06-04,,,,,,
2021-06-07,,,,,,
2021-06-08,,,,,,
2021-06-09,,,,,,
2021-06-10,,,,,,
2021-06-11,,,,,,
2021-06-15,,,,,,
2021-06-16,,,,,,
2021-06-17,,,,,,
2021-06-18,,,,,,
2021-06-21,,,,,,
2021-06-22,,,,,,
2021-06-23,,,,,,
2021-06-24,,,,,,
2021-06-25,,,,,,
2021-06-28,,,,,,
2021-06-29,,,,,,
2021-06-30,,,,,,
2021-07-01,,,,,,
2021-07-02,,,,,,
2021-07-05,,,,,,
2021-07-06,,,,,,
2021-07-07,,,,,,
2021-07-08,,,,,,
2021-07-09,,,,,,
2021-07-12,,,,,,
2021-07-13,,,,,,
2021-07-14,,,,,,
2021-07-15,,,,,,
2021-07-16,,,,,,
2021-07-19,,,,,,
2021-07-20,,,,,,
2021-07-21,,,,,,
2021-07-22,,,,,,
2021-07-23,,,,,,
2021-07-26,,,,,,
2021-07-27,,,,,,
2021-07-28,,,,,,
2021-07-29,,,,,,
2021-07-30,,,,,,
2021-08-02,,,,,,
2021-08-03,,,,,,
2021-08-04,,,,,,
2021-08-05,,,,,,
2021-08-06,,,,,,
2021-08-09,,,,,,
2021-08-10,,,,,,
2021-08-11,,,,,,
2021-08-12,,,,,,
2021-08-13,,,,,,
2021-08-16,,,,,,
2021-08-17,,,,,,
2021-08-18,,,,,,
2021-08-19,,,,,,
2021-08-20,,,,,,
2021-08-23,,,,,,
2021-08-24,,,,,,
2021-08-25,,,,,,
2021-08-26,,,,,,
2021-08-27,,,,,,
2021-08-30,,,,,,
2021-08-31,,,,,,
2021-09-01,,,,,,
2021-09-02,,,,,,
2021-09-03,,,,,,
2021-09-06,,,,,,
2021-09-07,,,,,,
2021-09-08,,,,,,
2021-09-09,,,,,,
2021-09-10,,,,,,
2021-09-13,,,,,,
2021-09-14,,,,,,
2021-09-15,,,,,,
2021-09-16,,,,,,
2021-09-17,,,,,,
2021-09-22,,,,,,
2021-09-23,,,,,,
2021-09-24,,,,,,
2021-09-27,,,,,,
2021-09-28,,,,,,
2021-09-29,,,,,,
2021-09-30,,,,,,
2021-10-08,,,,,,
2021-10-11,,,,,,
2021-10-12,,,,,,
2021-10-13,,,,,,
2021-10-14,,,,,,
2021-10-15,,,,,,
2021-10-18,,,,,,
2021-10-19,,,,,,
2021-10-20,,,,,,
2021-10-21,,,,,,
2021-10-22,,,,,,
2021-10-25,,,,,,
2021-10-26,,,,,,
2021-10-27,,,,,,
2021-10-28,,,,,,
2021-10-29,,,,,,
2021-11-01,,,,,,
2021-11-02,,,,,,
2021-11-03,,,,,,
2021-11-04,,,,,,
2021-11-05,,,,,,
2021-11-08,,,,,,
2021-11-09,,,,,,
2021-11-10,,,,,,
2021-11-11,,,,,,
2021-11-12,,,,,,
2021-11-15,,,,,,
2021-11-16,,,,,,
2021-11-17,,,,,,
2021-11-18,,,,,,
2021-11-19,,,,,,
2021-11-22,,,,,,
2021-11-23,,,,,,
2021-11-24,,,,,,
2021-11-25,,,,,,
2021-11-26,,,,,,
2021-11-29,,,,,,
2021-11-30,,,,,,
2021-12-01,,,,,,
2021-12-02,,,,,,
2021-12-03,,,,,,
2021-12-06,,,,,,
2021-12-07,,,,,,
2021-12-08,,,,,,
2021-12-09,,,,,,
2021-12-10,,,,,,
2021-12-13,,,,,,
2021-12-14,,,,,,
2021-12-15,,,,,,
2021-12-16,,,,,,
2021-12-17,,,,,,
2021-12-20,,,,,,
2021-12-21,,,,,,
2021-12-22,,,,,,
2021-12-23,,,,,,
2021-12-24,,,,,,
2021-12-27,,,,,,
2021-12-28,,,,,,
2021-12-29,,,,,,
2021-12-30,,,,,,
2021-12-31,,,,,,
2022-01-04,,,,,,
2022-01-05,,,,,,
2022-01-06,,,,,,
2022-01-07,,,,,,
2022-01-10,,,,,,
2022-01-11,,,,,,
2022-01-12,,,,,,
2022-01-13,,,,,,
2022-01-14,,,,,,
2022-01-17,,,,,,
2022-01-18,,,,,,
2022-01-19,,,,,,
2022-01-20,,,,,,
2022-01-21,,,,,,
2022-01-24,,,,,,
2022-01-25,,,,,,
2022-01-26,,,,,,
2022-01-27,,,,,,
2022-01-28,,,,,,
2022-02-07,,,,,,
2022-02-08,,,,,,
2022-02-09,,,,,,
2022-02-10,,,,,,
2022-02-11,,,,,,
2022-02-14,,,,,,
2022-02-15,,,,,,
2022-02-16,,,,,,
2022-02-17,,,,,,
2022-02-18,,,,,,
2022-02-21,,,,,,
2022-02-22,,,,,,
2022-02-23,,,,,,
2022-02-24,,,,,,
2022-02-25,,,,,,
2022-02-28,,,,,,
2022-03-01,,,,,,
2022-03-02,,,,,,
2022-03-03,,,,,,
2022-03-04,,,,,,
2022-03-07,,,,,,
2022-03-08,,,,,,
2022-03-09,,,,,,
2022-03-10,,,,,,
2022-03-11,0.9937999844551086,0.9937999844551086,0.9937999844551086,0.9937999844551086,0.9937999844551086,0.0
2022-03-14,,,,,,
2022-03-15,,,,,,
2022-03-16,,,,,,
2022-03-17,,,,,,
2022-03-18,1.0408999919891357,1.0408999919891357,1.0408999919891357,1.0408999919891357,1.0408999919891357,0.0
2022-03-21,,,,,,
2022-03-22,,,,,,
2022-03-23,,,,,,
2022-03-24,1.1263999938964844,1.1263999938964844,1.1263999938964844,1.1263999938964844,1.1263999938964844,0.0
2022-03-25,1.1030000448226929,1.1100000143051147,1.027999997138977,1.031000018119812,1.031000018119812,187290784.0
2022-03-28,1.0360000133514404,1.0440000295639038,1.0140000581741333,1.0199999809265137,1.0199999809265137,64977037.0
2022-03-29,1.0479999780654907,1.0579999685287476,1.034999966621399,1.0470000505447388,1.0470000505447388,45089993.0
2022-03-30,1.062000036239624,1.0880000591278076,1.055999994277954,1.0880000591278076,1.0880000591278076,49039568.0
2022-03-31,1.0880000591278076,1.090000033378601,1.0399999618530273,1.0470000505447388,1.0470000505447388,28591802.0
2022-04-01,1.0299999713897705,1.034999966621399,1.0190000534057617,1.0260000228881836,1.0260000228881836,36403410.0
2022-04-06,1.0640000104904175,1.0779999494552612,1.0640000104904175,1.0720000267028809,1.0720000267028809,44579341.0
2022-04-07,1.0720000267028809,1.0759999752044678,1.0440000295639038,1.0440000295639038,1.0440000295639038,30774214.0
2022-04-08,1.0420000553131104,1.0520000457763672,1.027999997138977,1.0390000343322754,1.0390000343322754,48087019.0
2022-04-11,1.031999945640564,1.0390000343322754,0.9919999837875366,0.9929999709129333,0.9929999709129333,47506503.0
2022-04-12,0.9950000047683716,1.0149999856948853,0.9810000061988831,1.0069999694824219,1.0069999694824219,54189101.0
2022-04-13,1.0,1.0,0.9800000190734863,0.984000027179718,0.984000027179718,43457401.0
2022-04-14,0.9929999709129333,1.0169999599456787,0.9929999709129333,1.0089999437332153,1.0089999437332153,55639374.0
2022-04-15,1.00600004196167,1.0119999647140503,0.996999979019165,1.0080000162124634,1.0080000162124634,14912800.0
2022-04-18,1.003999948501587,1.003999948501587,0.9990000128746033,1.0019999742507935,1.0019999742507935,6271101.0
2022-04-19,1.0019999742507935,1.0019999742507935,0.972000002861023,0.9760000109672546,0.9760000109672546,38234505.0
2022-04-20,0.9800000190734863,0.9919999837875366,0.9710000157356262,0.9750000238418579,0.9750000238418579,57915300.0
2022-04-21,0.9700000286102295,0.9700000286102295,0.9359999895095825,0.9449999928474426,0.9449999928474426,42756000.0
2022-04-22,0.9269999861717224,0.9620000123977661,0.9269999861717224,0.9539999961853027,0.9539999961853027,47534119.0
2022-04-25,0.9490000009536743,0.9490000009536743,0.9169999957084656,0.9179999828338623,0.9179999828338623,44136900.0
2022-04-26,0.925000011920929,0.949999988079071,0.925000011920929,0.9419999718666077,0.9419999718666077,48693300.0
2022-04-27,0.9300000071525574,0.9399999976158142,0.9070000052452087,0.9350000023841858,0.9350000023841858,51703300.0
2022-04-28,0.9419999718666077,0.9620000123977661,0.9330000281333923,0.9620000123977661,0.9620000123977661,42364605.0
2022-04-29,0.9700000286102295,1.0,0.9539999961853027,0.9810000061988831,0.9810000061988831,61945802.0
2022-05-05,0.9660000205039978,0.9700000286102295,0.9369999766349792,0.9409999847412109,0.9409999847412109,37674000.0
2022-05-06,0.9279999732971191,0.9279999732971191,0.8970000147819519,0.9120000004768372,0.9120000004768372,30286202.0
2022-05-09,0.8999999761581421,0.9049999713897705,0.8989999890327454,0.9039999842643738,0.9039999842643738,5356400.0
2022-05-10,0.8799999952316284,0.8960000276565552,0.875,0.8889999985694885,0.8889999985694885,69988700.0
2022-05-11,0.890999972820282,0.9380000233650208,0.890999972820282,0.921999990940094,0.921999990940094,56868842.0
2022-05-12,0.9010000228881836,0.9100000262260437,0.8949999809265137,0.9070000052452087,0.9070000052452087,40234000.0
2022-05-13,0.925000011920929,0.9290000200271606,0.9169999957084656,0.9290000200271606,0.9290000200271606,51480806.0
2022-05-16,0.949999988079071,0.949999988079071,0.9240000247955322,0.9330000281333923,0.9330000281333923,31872400.0
2022-05-17,0.9390000104904175,0.9509999752044678,0.9290000200271606,0.9509999752044678,0.9509999752044678,50371800.0
2022-05-18,0.9509999752044678,0.9589999914169312,0.9399999976158142,0.949999988079071,0.949999988079071,31463800.0
2022-05-19,0.9380000233650208,0.9480000138282776,0.9240000247955322,0.9459999799728394,0.9459999799728394,36020300.0
2022-05-20,0.953000009059906,0.9700000286102295,0.953000009059906,0.9639999866485596,0.9639999866485596,42454400.0
2022-05-23,0.9629999995231628,0.9679999947547913,0.9539999961853027,0.9570000171661377,0.9570000171661377,33969200.0
2022-05-24,0.9570000171661377,0.9570000171661377,0.9210000038146973,0.921999990940094,0.921999990940094,14806515.0
2022-05-25,0.9179999828338623,0.9290000200271606,0.9139999747276306,0.921999990940094,0.921999990940094,34821206.0
2022-05-26,0.9290000200271606,0.9290000200271606,0.9039999842643738,0.9179999828338623,0.9179999828338623,30463706.0
2022-05-27,0.9390000104904175,0.9509999752044678,0.9300000071525574,0.9330000281333923,0.9330000281333923,42990500.0
2022-05-30,0.9380000233650208,0.9539999961853027,0.9369999766349792,0.9520000219345093,0.9520000219345093,41871200.0
2022-05-31,0.9549999833106995,0.9850000143051147,0.9549999833106995,0.9829999804496765,0.9829999804496765,44754000.0
2022-06-01,0.9869999885559082,0.9890000224113464,0.9739999771118164,0.9769999980926514,0.9769999980926514,41628603.0
2022-06-02,0.9750000238418579,0.9779999852180481,0.9559999704360962,0.9629999995231628,0.9629999995231628,27041300.0
2022-06-06,0.9670000076293945,0.9890000224113464,0.9620000123977661,0.9879999756813049,0.9879999756813049,43806600.0
2022-06-07,0.9929999709129333,1.003999948501587,0.9869999885559082,0.9990000128746033,0.9990000128746033,46980507.0
2022-06-08,1.003999948501587,1.0570000410079956,1.003999948501587,1.0499999523162842,1.0499999523162842,84821126.0
2022-06-09,1.0509999990463257,1.0809999704360962,1.0369999408721924,1.0440000295639038,1.0440000295639038,70322904.0
2022-06-10,1.0390000343322754,1.0529999732971191,1.031999945640564,1.0460000038146973,1.0460000038146973,62607102.0
2022-06-13,1.0440000295639038,1.0440000295639038,1.0,1.00600004196167,1.00600004196167,53643600.0
2022-06-14,0.9959999918937683,1.0049999952316284,0.9829999804496765,1.0019999742507935,1.0019999742507935,70485100.0
2022-06-15,1.0080000162124634,1.034000039100647,1.00600004196167,1.0210000276565552,1.0210000276565552,50639900.0
2022-06-16,1.024999976158142,1.0390000343322754,1.0130000114440918,1.0130000114440918,1.0130000114440918,55189701.0
2022-06-17,1.0080000162124634,1.0329999923706055,1.003000020980835,1.0299999713897705,1.0299999713897705,52185701.0
2022-06-20,1.034999966621399,1.0640000104904175,1.0199999809265137,1.0379999876022339,1.0379999876022339,64501405.0
2022-06-21,1.0390000343322754,1.097000002861023,1.0390000343322754,1.0859999656677246,1.0859999656677246,57310504.0
2022-06-22,1.097000002861023,1.1080000400543213,1.069000005722046,1.0759999752044678,1.0759999752044678,59313012.0
2022-06-23,1.0789999961853027,1.090999960899353,1.065000057220459,1.090000033378601,1.090000033378601,47184902.0
2022-06-24,1.1030000448226929,1.149999976158142,1.0950000286102295,1.1449999809265137,1.1449999809265137,59962339.0
2022-06-27,1.1740000247955322,1.1829999685287476,1.152999997138977,1.159999966621399,1.159999966621399,47152503.0
2022-06-28,1.1619999408721924,1.1690000295639038,1.1399999856948853,1.159000039100647,1.159000039100647,56782694.0
2022-06-29,1.1510000228881836,1.1670000553131104,1.1180000305175781,1.1230000257492065,1.1230000257492065,44473900.0
2022-06-30,1.128999948501587,1.1549999713897705,1.128999948501587,1.1339999437332153,1.1339999437332153,41029900.0
2022-07-01,1.1440000534057617,1.149999976158142,1.128999948501587,1.13100004196167,1.13100004196167,11535200.0
2022-07-04,1.13100004196167,1.187000036239624,1.128999948501587,1.187000036239624,1.187000036239624,125004463.0
2022-07-05,1.194000005722046,1.2239999771118164,1.1779999732971191,1.2029999494552612,1.2029999494552612,104942049.0
2022-07-06,1.2990000247955322,1.2990000247955322,1.1779999732971191,1.1990000009536743,1.1990000009536743,84750000.0
2022-07-07,1.1990000009536743,1.2059999704360962,1.1749999523162842,1.1950000524520874,1.1950000524520874,57781501.0
2022-07-08,1.2050000429153442,1.218999981880188,1.187000036239624,1.1920000314712524,1.1920000314712524,75497508.0
2022-07-11,1.187999963760376,1.215999960899353,1.1629999876022339,1.1670000553131104,1.1670000553131104,69794900.0
2022-07-12,1.1759999990463257,1.1759999990463257,1.1380000114440918,1.1399999856948853,1.1399999856948853,77132803.0
2022-07-13,1.1410000324249268,1.1660000085830688,1.1330000162124634,1.1440000534057617,1.1440000534057617,92989400.0
2022-07-14,1.1410000324249268,1.1799999475479126,1.100000023841858,1.1740000247955322,1.1740000247955322,69795700.0
2022-07-15,1.1740000247955322,1.1740000247955322,1.1440000534057617,1.1460000276565552,1.1460000276565552,51243700.0
2022-07-18,1.152999997138977,1.1640000343322754,1.121999979019165,1.156000018119812,1.156000018119812,59026200.0
2022-07-19,1.1549999713897705,1.1779999732971191,1.1319999694824219,1.1399999856948853,1.1399999856948853,78534800.0
2022-07-20,1.1610000133514404,1.1779999732971191,1.159999966621399,1.1720000505447388,1.1720000505447388,54325800.0
2022-07-21,1.1790000200271606,1.180999994277954,1.1629999876022339,1.1679999828338623,1.1679999828338623,38485200.0
2022-07-22,1.1740000247955322,1.1779999732971191,1.159000039100647,1.1679999828338623,1.1679999828338623,33229300.0
2022-07-25,1.159000039100647,1.1660000085830688,1.1349999904632568,1.1460000276565552,1.1460000276565552,62098800.0
2022-07-26,1.1490000486373901,1.1540000438690186,1.1410000324249268,1.1469999551773071,1.1469999551773071,40982100.0
2022-07-27,1.1469999551773071,1.1490000486373901,1.1319999694824219,1.1349999904632568,1.1349999904632568,33147101.0
2022-07-28,1.1419999599456787,1.1449999809265137,1.13100004196167,1.1380000114440918,1.1380000114440918,61436300.0
2022-07-29,1.1380000114440918,1.1399999856948853,1.0859999656677246,1.090000033378601,1.090000033378601,62254800.0
2022-08-01,1.0850000381469727,1.100000023841858,1.0779999494552612,1.093999981880188,1.093999981880188,69267700.0
2022-08-02,1.0859999656677246,1.0859999656677246,1.0460000038146973,1.059000015258789,1.059000015258789,53017000.0
2022-08-03,1.065000057220459,1.0920000076293945,1.059000015258789,1.065999984741211,1.065999984741211,80847698.0
2022-08-04,1.0759999752044678,1.0980000495910645,1.0759999752044678,1.0980000495910645,1.0980000495910645,74544000.0
2022-08-05,1.121999979019165,1.1349999904632568,1.1150000095367432,1.1299999952316284,1.1299999952316284,59787398.0
2022-08-08,1.1349999904632568,1.1440000534057617,1.1200000047683716,1.1319999694824219,1.1319999694824219,55710400.0
2022-08-09,1.1330000162124634,1.1410000324249268,1.1230000257492065,1.1319999694824219,1.1319999694824219,57095000.0
2022-08-10,1.121999979019165,1.125,1.0829999446868896,1.0880000591278076,1.0880000591278076,45985042.0
2022-08-11,1.0950000286102295,1.128000020980835,1.0950000286102295,1.121999979019165,1.121999979019165,53747800.0
2022-08-12,1.125,1.1269999742507935,1.1150000095367432,1.121000051498413,1.121000051498413,43622100.0
2022-08-15,1.1200000047683716,1.1349999904632568,1.1160000562667847,1.1239999532699585,1.1239999532699585,40093100.0
2022-08-16,1.121999979019165,1.1319999694824219,1.1019999980926514,1.1089999675750732,1.1089999675750732,57159704.0
2022-08-17,1.1139999628067017,1.1180000305175781,1.100000023841858,1.1039999723434448,1.1039999723434448,55236301.0
2022-08-18,1.093000054359436,1.1050000190734863,1.0870000123977661,1.0920000076293945,1.0920000076293945,47118301.0
2022-08-19,1.090999960899353,1.0950000286102295,1.0750000476837158,1.0789999961853027,1.0789999961853027,33492100.0
2022-08-22,1.0789999961853027,1.0870000123977661,1.0740000009536743,1.0829999446868896,1.0829999446868896,36854600.0
2022-08-23,1.0850000381469727,1.1019999980926514,1.0640000104904175,1.0679999589920044,1.0679999589920044,54961200.0
2022-08-24,1.0740000009536743,1.0740000009536743,1.0479999780654907,1.0499999523162842,1.0499999523162842,42926400.0
2022-08-25,1.0509999990463257,1.0809999704360962,1.0509999990463257,1.0800000429153442,1.0800000429153442,38377000.0
2022-08-26,1.090999960899353,1.1119999885559082,1.0800000429153442,1.1069999933242798,1.1069999933242798,48829400.0
2022-08-29,1.1069999933242798,1.1069999933242798,1.0750000476837158,1.093999981880188,1.093999981880188,45213004.0
2022-08-30,1.0839999914169312,1.1089999675750732,1.0640000104904175,1.0809999704360962,1.0809999704360962,30376900.0
2022-08-31,1.0709999799728394,1.1080000400543213,1.0570000410079956,1.0950000286102295,1.0950000286102295,41878200.0
2022-09-01,1.090999960899353,1.1059999465942383,1.0820000171661377,1.0829999446868896,1.0829999446868896,42588100.0
2022-09-02,1.13100004196167,1.13100004196167,1.0670000314712524,1.0779999494552612,1.0779999494552612,35282900.0
2022-09-05,1.0779999494552612,1.0779999494552612,1.0440000295639038,1.055999994277954,1.055999994277954,25353300.0
2022-09-06,1.065000057220459,1.065000057220459,1.0369999408721924,1.0509999990463257,1.0509999990463257,13299800.0
2022-09-07,1.0390000343322754,1.0549999475479126,1.031000018119812,1.0549999475479126,1.0549999475479126,38716700.0
2022-09-08,1.059000015258789,1.062000036239624,1.0410000085830688,1.0410000085830688,1.0410000085830688,16750400.0
2022-09-09,1.0449999570846558,1.0759999752044678,1.0429999828338623,1.0740000009536743,1.0740000009536743,29900300.0
2022-09-13,1.0889999866485596,1.0950000286102295,1.0329999923706055,1.034000039100647,1.034000039100647,17611300.0
2022-09-14,1.031999945640564,1.034000039100647,1.0089999437332153,1.0130000114440918,1.0130000114440918,32264000.0
2022-09-15,1.0169999599456787,1.0379999876022339,1.0169999599456787,1.0230000019073486,1.0230000019073486,20098800.0
2022-09-16,1.0240000486373901,1.0269999504089355,1.0089999437332153,1.0089999437332153,1.0089999437332153,46141521.0
2022-09-19,1.0069999694824219,1.0069999694824219,0.9739999771118164,0.9769999980926514,0.9769999980926514,28044700.0
2022-09-20,0.984000027179718,0.9869999885559082,0.9760000109672546,0.9829999804496765,0.9829999804496765,54156600.0
2022-09-21,0.9739999771118164,0.9769999980926514,0.9649999737739563,0.968999981880188,0.968999981880188,53158100.0
2022-09-22,0.9670000076293945,0.9670000076293945,0.9399999976158142,0.9419999718666077,0.9419999718666077,29072600.0
2022-09-23,0.9390000104904175,0.9440000057220459,0.925000011920929,0.925000011920929,0.925000011920929,31460400.0
2022-09-26,0.9229999780654907,0.9549999833106995,0.9120000004768372,0.9319999814033508,0.9319999814033508,73561208.0
2022-09-27,0.9319999814033508,0.9629999995231628,0.9269999861717224,0.9610000252723694,0.9610000252723694,69464800.0
2022-09-28,0.9610000252723694,0.9629999995231628,0.9419999718666077,0.9419999718666077,0.9419999718666077,41083400.0
2022-09-29,0.9509999752044678,0.9829999804496765,0.9319999814033508,0.9350000023841858,0.9350000023841858,96946200.0
2022-09-30,0.9350000023841858,0.9359999895095825,0.9120000004768372,0.921999990940094,0.921999990940094,73550800.0
2022-10-10,0.921999990940094,0.9300000071525574,0.9010000228881836,0.902999997138977,0.902999997138977,26801100.0
2022-10-11,0.9100000262260437,0.9120000004768372,0.8870000243186951,0.902999997138977,0.902999997138977,73533000.0
2022-10-12,0.8939999938011169,0.9129999876022339,0.8700000047683716,0.9110000133514404,0.9110000133514404,94868600.0
2022-10-13,0.9210000038146973,0.9449999928474426,0.9120000004768372,0.9150000214576721,0.9150000214576721,37121300.0
2022-10-14,0.9279999732971191,0.9959999918937683,0.9240000247955322,0.9769999980926514,0.9769999980926514,71513300.0
2022-10-17,0.9769999980926514,0.9890000224113464,0.9629999995231628,0.9750000238418579,0.9750000238418579,71434900.0
2022-10-18,0.9900000095367432,1.0420000553131104,0.9800000190734863,1.0219999551773071,1.0219999551773071,61042500.0
2022-10-19,1.0219999551773071,1.0269999504089355,1.003000020980835,1.0049999952316284,1.0049999952316284,47174400.0
2022-10-20,1.0,1.0099999904632568,0.9739999771118164,0.984000027179718,0.984000027179718,82465502.0
2022-10-21,0.9869999885559082,1.0199999809265137,0.9869999885559082,1.0149999856948853,1.0149999856948853,71680000.0
2022-10-24,1.0240000486373901,1.0260000228881836,0.9430000185966492,0.9430000185966492,0.9430000185966492,97214300.0
2022-10-25,0.9520000219345093,0.9819999933242798,0.9369999766349792,0.9649999737739563,0.9649999737739563,154158400.0
2022-10-26,0.9710000157356262,1.0290000438690186,0.9610000252723694,1.0019999742507935,1.0019999742507935,95787946.0
2022-10-27,1.0169999599456787,1.0230000019073486,0.9929999709129333,0.996999979019165,0.996999979019165,92509600.0
2022-10-28,0.9919999837875366,1.0089999437332153,0.9509999752044678,0.9570000171661377,0.9570000171661377,118368300.0
2022-10-31,0.9620000123977661,0.9819999933242798,0.9559999704360962,0.9599999785423279,0.9599999785423279,122605800.0
2022-11-01,0.9670000076293945,1.0199999809265137,0.9670000076293945,1.0130000114440918,1.0130000114440918,115087200.0
2022-11-02,1.0130000114440918,1.0829999446868896,1.0010000467300415,1.055999994277954,1.055999994277954,119707001.0
2022-11-03,1.0540000200271606,1.0579999685287476,1.0219999551773071,1.0460000038146973,1.0460000038146973,99409700.0
2022-11-04,1.0570000410079956,1.1139999628067017,1.0570000410079956,1.0859999656677246,1.0859999656677246,176206000.0
2022-11-07,1.0789999961853027,1.1230000257492065,1.065000057220459,1.1100000143051147,1.1100000143051147,93777903.0
2022-11-08,1.1299999952316284,1.1299999952316284,1.0880000591278076,1.093999981880188,1.093999981880188,59781200.0
2022-11-09,1.1009999513626099,1.1130000352859497,1.059999942779541,1.059999942779541,1.059999942779541,43293482.0
2022-11-10,1.0570000410079956,1.0770000219345093,1.0509999990463257,1.0529999732971191,1.0529999732971191,54584100.0
2022-11-11,1.1089999675750732,1.1449999809265137,1.0850000381469727,1.090000033378601,1.090000033378601,71312100.0
2022-11-14,1.1150000095367432,1.1670000553131104,1.0980000495910645,1.152999997138977,1.152999997138977,73248900.0
2022-11-15,1.1579999923706055,1.187999963760376,1.1360000371932983,1.180999994277954,1.180999994277954,96111100.0
2022-11-16,1.187999963760376,1.2940000295639038,1.1820000410079956,1.1929999589920044,1.1929999589920044,92227202.0
2022-11-17,1.1929999589920044,1.1959999799728394,1.159000039100647,1.1770000457763672,1.1770000457763672,96418600.0
2022-11-18,1.1929999589920044,1.2170000076293945,1.1829999685287476,1.1859999895095825,1.1859999895095825,84074700.0
2022-11-21,1.184000015258789,1.184000015258789,1.1469999551773071,1.1710000038146973,1.1710000038146973,78055900.0
2022-11-22,1.1610000133514404,1.1820000410079956,1.1089999675750732,1.1100000143051147,1.1100000143051147,39183900.0
2022-11-23,1.1119999885559082,1.125,1.0750000476837158,1.1080000400543213,1.1080000400543213,71942800.0
2022-11-24,1.1119999885559082,1.128000020980835,1.1119999885559082,1.1150000095367432,1.1150000095367432,48750502.0
2022-11-25,1.1200000047683716,1.125,1.0959999561309814,1.1039999723434448,1.1039999723434448,49655600.0
2022-11-28,1.0679999589920044,1.1139999628067017,1.0679999589920044,1.1119999885559082,1.1119999885559082,48866500.0
2022-11-29,1.1180000305175781,1.1510000228881836,1.1180000305175781,1.1510000228881836,1.1510000228881836,68325000.0
2022-11-30,1.1449999809265137,1.1549999713897705,1.1349999904632568,1.1510000228881836,1.1510000228881836,82863000.0
2022-12-01,1.1799999475479126,1.194000005722046,1.1339999437332153,1.159999966621399,1.159999966621399,77930000.0
2022-12-02,1.159999966621399,1.187000036239624,1.1490000486373901,1.1649999618530273,1.1649999618530273,48802400.0
2022-12-05,1.184000015258789,1.215999960899353,1.1699999570846558,1.215999960899353,1.215999960899353,66102500.0
2022-12-06,1.2130000591278076,1.2339999675750732,1.180999994277954,1.1859999895095825,1.1859999895095825,65236803.0
2022-12-07,1.184000015258789,1.2300000190734863,1.1699999570846558,1.1890000104904175,1.1890000104904175,79610800.0
2022-12-08,1.187000036239624,1.2389999628067017,1.187000036239624,1.2230000495910645,1.2230000495910645,79610600.0
2022-12-09,1.2280000448226929,1.2510000467300415,1.215000033378601,1.2380000352859497,1.2380000352859497,80798200.0
2022-12-12,1.2350000143051147,1.2990000247955322,1.2200000286102295,1.2269999980926514,1.2269999980926514,69826500.0
2022-12-13,1.2339999675750732,1.2489999532699585,1.2089999914169312,1.2259999513626099,1.2259999513626099,78342200.0
2022-12-14,1.2300000190734863,1.246000051498413,1.2109999656677246,1.2239999771118164,1.2239999771118164,69891800.0
2022-12-15,1.222000002861023,1.222000002861023,1.194000005722046,1.2000000476837158,1.2000000476837158,57042500.0
2022-12-16,1.1950000524520874,1.2230000495910645,1.190000057220459,1.2109999656677246,1.2109999656677246,67654601.0
2022-12-19,1.215000033378601,1.2269999980926514,1.1549999713897705,1.159000039100647,1.159000039100647,69358815.0
2022-12-20,1.1619999408721924,1.1629999876022339,1.1360000371932983,1.1469999551773071,1.1469999551773071,63509900.0
2022-12-21,1.1469999551773071,1.1770000457763672,1.1469999551773071,1.1660000085830688,1.1660000085830688,41454700.0
2022-12-22,1.1720000505447388,1.2000000476837158,1.1720000505447388,1.190999984741211,1.190999984741211,71399800.0
2022-12-23,1.190000057220459,1.2079999446868896,1.180999994277954,1.2070000171661377,1.2070000171661377,57339000.0
2022-12-26,1.2000000476837158,1.222000002861023,1.1990000009536743,1.2009999752044678,1.2009999752044678,5644100.0
2022-12-27,1.2020000219345093,1.2059999704360962,1.1929999589920044,1.2020000219345093,1.2020000219345093,5661500.0
2022-12-28,1.1950000524520874,1.2369999885559082,1.1950000524520874,1.218000054359436,1.218000054359436,74142100.0
2022-12-29,1.215999960899353,1.2369999885559082,1.2059999704360962,1.2330000400543213,1.2330000400543213,69826900.0
2022-12-30,1.2389999628067017,1.2999999523162842,1.215999960899353,1.222000002861023,1.222000002861023,60443000.0
2023-01-03,1.2280000448226929,1.2410000562667847,1.1950000524520874,1.2380000352859497,1.2380000352859497,93875200.0
2023-01-04,1.2389999628067017,1.2799999713897705,1.2389999628067017,1.2730000019073486,1.2730000019073486,48754638.0
2023-01-05,1.284999966621399,1.3140000104904175,1.284000039100647,1.2899999618530273,1.2899999618530273,55416719.0
2023-01-06,1.2949999570846558,1.3200000524520874,1.2630000114440918,1.2680000066757202,1.2680000066757202,69711300.0
2023-01-09,1.274999976158142,1.3029999732971191,1.274999976158142,1.2920000553131104,1.2920000553131104,73111600.0
2023-01-10,1.2920000553131104,1.2929999828338623,1.2660000324249268,1.284999966621399,1.284999966621399,63729000.0
2023-01-11,1.284999966621399,1.3309999704360962,1.284999966621399,1.3079999685287476,1.3079999685287476,70914301.0
2023-01-12,1.3109999895095825,1.3270000219345093,1.284000039100647,1.284000039100647,1.284000039100647,93725900.0
2023-01-13,1.2899999618530273,1.3380000591278076,1.2869999408721924,1.3350000381469727,1.3350000381469727,81265602.0
2023-01-16,1.340000033378601,1.3849999904632568,1.3380000591278076,1.3459999561309814,1.3459999561309814,78509700.0
2023-01-17,1.3420000076293945,1.3569999933242798,1.315000057220459,1.319000005722046,1.319000005722046,59321300.0
2023-01-18,1.315000057220459,1.3240000009536743,1.2999999523162842,1.319000005722046,1.319000005722046,52681000.0
2023-01-19,1.315000057220459,1.3370000123977661,1.2999999523162842,1.3240000009536743,1.3240000009536743,65368900.0
2023-01-20,1.3240000009536743,1.3559999465942383,1.3240000009536743,1.3309999704360962,1.3309999704360962,38210900.0
2023-01-30,1.343000054359436,1.3609999418258667,1.315000057220459,1.315999984741211,1.315999984741211,89070500.0
2023-01-31,1.3170000314712524,1.3209999799728394,1.2630000114440918,1.2630000114440918,1.2630000114440918,85553775.0
2023-02-01,1.2699999809265137,1.319000005722046,1.2690000534057617,1.309000015258789,1.309000015258789,72801100.0
2023-02-02,1.312999963760376,1.3539999723434448,1.312999963760376,1.3359999656677246,1.3359999656677246,63460102.0
2023-02-03,1.3339999914169312,1.343000054359436,1.3079999685287476,1.3240000009536743,1.3240000009536743,91497200.0
2023-02-06,1.3200000524520874,1.3200000524520874,1.25,1.2640000581741333,1.2640000581741333,104951500.0
2023-02-07,1.2649999856948853,1.2940000295639038,1.2649999856948853,1.2710000276565552,1.2710000276565552,74796600.0
2023-02-08,1.2699999809265137,1.2929999828338623,1.2669999599456787,1.2669999599456787,1.2669999599456787,74712400.0
2023-02-09,1.2710000276565552,1.281999945640564,1.2619999647140503,1.2769999504089355,1.2769999504089355,77033400.0
2023-02-10,1.2979999780654907,1.2979999780654907,1.2389999628067017,1.2489999532699585,1.2489999532699585,58190300.0
2023-02-13,1.2480000257492065,1.2719999551773071,1.2410000562667847,1.2580000162124634,1.2580000162124634,77743700.0
2023-02-14,1.2649999856948853,1.2690000534057617,1.2359999418258667,1.253999948501587,1.253999948501587,59055600.0
2023-02-15,1.253000020980835,1.253000020980835,1.215000033378601,1.215000033378601,1.215000033378601,72100800.0
2023-02-16,1.2209999561309814,1.2450000047683716,1.2120000123977661,1.2170000076293945,1.2170000076293945,99326100.0
2023-02-17,1.2200000286102295,1.2300000190734863,1.2109999656677246,1.2230000495910645,1.2230000495910645,119543500.0
2023-02-20,1.2209999561309814,1.2450000047683716,1.2079999446868896,1.2419999837875366,1.2419999837875366,131206700.0
2023-02-21,1.2410000562667847,1.2410000562667847,1.218999981880188,1.2239999771118164,1.2239999771118164,140187600.0
2023-02-22,1.2200000286102295,1.2269999980926514,1.2039999961853027,1.2039999961853027,1.2039999961853027,104699600.0
2023-02-23,1.2100000381469727,1.2289999723434448,1.2070000171661377,1.2100000381469727,1.2100000381469727,110547400.0
2023-02-24,1.2100000381469727,1.218000054359436,1.1959999799728394,1.1979999542236328,1.1979999542236328,75024200.0
2023-02-27,1.194000005722046,1.2000000476837158,1.1749999523162842,1.1770000457763672,1.1770000457763672,80762400.0
2023-02-28,1.1799999475479126,1.1990000009536743,1.1720000505447388,1.184999942779541,1.184999942779541,78095500.0
2023-03-01,1.184999942779541,1.2269999980926514,1.1790000200271606,1.2259999513626099,1.2259999513626099,100043500.0
2023-03-02,1.2280000448226929,1.2280000448226929,1.2100000381469727,1.2139999866485596,1.2139999866485596,64219400.0
2023-03-03,1.2269999980926514,1.2450000047683716,1.2200000286102295,1.2269999980926514,1.2269999980926514,83040000.0
2023-03-06,1.2269999980926514,1.2400000095367432,1.2200000286102295,1.2350000143051147,1.2350000143051147,71296400.0
2023-03-07,1.2359999418258667,1.25,1.2139999866485596,1.215000033378601,1.215000033378601,110299300.0
2023-03-08,1.215999960899353,1.215999960899353,1.1759999990463257,1.180999994277954,1.180999994277954,76787500.0
2023-03-09,1.180999994277954,1.190000057220459,1.1720000505447388,1.1799999475479126,1.1799999475479126,91043800.0
2023-03-10,1.1649999618530273,1.1649999618530273,1.1299999952316284,1.1490000486373901,1.1490000486373901,66046200.0
2023-03-13,1.1490000486373901,1.1710000038146973,1.1360000371932983,1.1469999551773071,1.1469999551773071,116847200.0
2023-03-14,1.1440000534057617,1.159999966621399,1.1160000562667847,1.1160000562667847,1.1160000562667847,107211300.0
2023-03-15,1.1319999694824219,1.1660000085830688,1.13100004196167,1.1519999504089355,1.1519999504089355,146814109.0
2023-03-16,1.1519999504089355,1.1629999876022339,1.13100004196167,1.1369999647140503,1.1369999647140503,126456000.0
2023-03-17,1.1540000438690186,1.1660000085830688,1.1369999647140503,1.1390000581741333,1.1390000581741333,102677900.0
2023-03-20,1.1410000324249268,1.1419999599456787,1.0950000286102295,1.100000023841858,1.100000023841858,113830600.0
2023-03-21,1.1069999933242798,1.1410000324249268,1.1069999933242798,1.1410000324249268,1.1410000324249268,96644400.0
2023-03-22,1.149999976158142,1.1670000553131104,1.1430000066757202,1.1480000019073486,1.1480000019073486,83740700.0
2023-03-23,1.1449999809265137,1.1449999809265137,1.1150000095367432,1.1339999437332153,1.1339999437332153,98072400.0
2023-03-24,1.1330000162124634,1.1579999923706055,1.1169999837875366,1.1369999647140503,1.1369999647140503,69507700.0
2023-03-27,1.1430000066757202,1.1610000133514404,1.1369999647140503,1.156999945640564,1.156999945640564,81174800.0
2023-03-28,1.152999997138977,1.1579999923706055,1.1330000162124634,1.1349999904632568,1.1349999904632568,72057400.0
2023-03-29,1.1440000534057617,1.149999976158142,1.128000020980835,1.1339999437332153,1.1339999437332153,51480500.0
2023-03-30,1.1380000114440918,1.1440000534057617,1.1180000305175781,1.1239999532699585,1.1239999532699585,84721300.0
2023-03-31,1.128999948501587,1.1349999904632568,1.1119999885559082,1.1180000305175781,1.1180000305175781,72892000.0
2023-04-03,1.1180000305175781,1.121999979019165,1.0950000286102295,1.1030000448226929,1.1030000448226929,65889206.0
2023-04-04,1.1069999933242798,1.1139999628067017,1.0820000171661377,1.1130000352859497,1.1130000352859497,57291012.0
2023-04-06,1.1109999418258667,1.1369999647140503,1.0980000495910645,1.1369999647140503,1.1369999647140503,54534400.0
2023-04-07,1.1469999551773071,1.1740000247955322,1.1449999809265137,1.1740000247955322,1.1740000247955322,26617700.0
2023-04-10,1.184000015258789,1.215000033378601,1.1710000038146973,1.1990000009536743,1.1990000009536743,62180100.0
2023-04-11,1.1979999542236328,1.1979999542236328,1.1710000038146973,1.1829999685287476,1.1829999685287476,47173100.0
2023-04-12,1.187999963760376,1.2039999961853027,1.1829999685287476,1.190999984741211,1.190999984741211,35736889.0
2023-04-13,1.1859999895095825,1.2239999771118164,1.159999966621399,1.2209999561309814,1.2209999561309814,64116400.0
2023-04-14,1.25,1.2799999713897705,1.225000023841858,1.2309999465942383,1.2309999465942383,58475900.0
2023-04-17,1.2300000190734863,1.2389999628067017,1.2120000123977661,1.218000054359436,1.218000054359436,55795500.0
2023-04-18,1.2120000123977661,1.2289999723434448,1.2079999446868896,1.2109999656677246,1.2109999656677246,66878900.0
2023-04-19,1.2120000123977661,1.215999960899353,1.194000005722046,1.2000000476837158,1.2000000476837158,48595900.0
2023-04-20,1.2009999752044678,1.2130000591278076,1.1790000200271606,1.180999994277954,1.180999994277954,52078400.0
2023-04-21,1.184000015258789,1.1890000104904175,1.1640000343322754,1.1649999618530273,1.1649999618530273,41078900.0
2023-04-24,1.1729999780654907,1.1990000009536743,1.1670000553131104,1.1720000505447388,1.1720000505447388,55038300.0
2023-04-25,1.1770000457763672,1.1820000410079956,1.1299999952316284,1.1369999647140503,1.1369999647140503,56898400.0
2023-04-26,1.1339999437332153,1.156999945640564,1.1339999437332153,1.1490000486373901,1.1490000486373901,46664300.0
2023-04-27,1.1480000019073486,1.1660000085830688,1.1410000324249268,1.156999945640564,1.156999945640564,51844300.0
2023-04-28,1.159999966621399,1.1740000247955322,1.1519999504089355,1.156000018119812,1.156000018119812,31297100.0
2023-05-04,1.149999976158142,1.1660000085830688,1.1419999599456787,1.1549999713897705,1.1549999713897705,48128600.0
2023-05-05,1.1610000133514404,1.1729999780654907,1.1519999504089355,1.1629999876022339,1.1629999876022339,50687200.0
2023-05-08,1.1640000343322754,1.1770000457763672,1.152999997138977,1.1610000133514404,1.1610000133514404,59419800.0
2023-05-09,1.1610000133514404,1.1619999408721924,1.1180000305175781,1.1200000047683716,1.1200000047683716,69778400.0
2023-05-10,1.1200000047683716,1.13100004196167,1.1169999837875366,1.1260000467300415,1.1260000467300415,59511400.0
2023-05-11,1.128999948501587,1.1460000276565552,1.1200000047683716,1.121000051498413,1.121000051498413,50127100.0
2023-05-12,1.128999948501587,1.1380000114440918,1.1160000562667847,1.1180000305175781,1.1180000305175781,45398000.0
2023-05-15,1.1180000305175781,1.1299999952316284,1.1080000400543213,1.125,1.125,54924100.0
2023-05-16,1.128999948501587,1.1449999809265137,1.128000020980835,1.1330000162124634,1.1330000162124634,57324100.0
2023-05-17,1.1349999904632568,1.1369999647140503,1.1059999465942383,1.1080000400543213,1.1080000400543213,53006800.0
2023-05-18,1.1089999675750732,1.1119999885559082,1.0870000123977661,1.0889999866485596,1.0889999866485596,87969000.0
2023-05-19,1.0859999656677246,1.093000054359436,1.0779999494552612,1.0850000381469727,1.0850000381469727,67055800.0
2023-05-22,1.0850000381469727,1.1109999418258667,1.0850000381469727,1.1059999465942383,1.1059999465942383,78844600.0
2023-05-23,1.1069999933242798,1.1260000467300415,1.1069999933242798,1.1109999418258667,1.1109999418258667,65107600.0
2023-05-24,1.1089999675750732,1.1119999885559082,1.0950000286102295,1.0959999561309814,1.0959999561309814,53159500.0
2023-05-25,1.0870000123977661,1.0920000076293945,1.069000005722046,1.0770000219345093,1.0770000219345093,75244800.0
2023-05-26,1.0750000476837158,1.0750000476837158,1.069000005722046,1.0729999542236328,1.0729999542236328,4751700.0
2023-05-29,1.0750000476837158,1.0870000123977661,1.0549999475479126,1.059000015258789,1.059000015258789,84012100.0
2023-05-30,1.055999994277954,1.0700000524520874,1.0449999570846558,1.0640000104904175,1.0640000104904175,68058000.0
2023-05-31,1.059000015258789,1.059000015258789,1.031999945640564,1.0369999408721924,1.0369999408721924,65110500.0
2023-06-01,1.0399999618530273,1.0640000104904175,1.0399999618530273,1.0499999523162842,1.0499999523162842,53233800.0
2023-06-02,1.062999963760376,1.0829999446868896,1.0609999895095825,1.0800000429153442,1.0800000429153442,56782300.0
2023-06-05,1.0800000429153442,1.0829999446868896,1.0609999895095825,1.0700000524520874,1.0700000524520874,64822300.0
2023-06-06,1.0709999799728394,1.0740000009536743,1.0529999732971191,1.0529999732971191,1.0529999732971191,58446100.0
2023-06-07,1.0670000314712524,1.0789999961853027,1.062000036239624,1.0670000314712524,1.0670000314712524,38666500.0
2023-06-08,1.0670000314712524,1.0720000267028809,1.0520000457763672,1.059000015258789,1.059000015258789,35652400.0
2023-06-09,1.059000015258789,1.0759999752044678,1.0520000457763672,1.0740000009536743,1.0740000009536743,52945400.0
2023-06-12,1.0839999914169312,1.0839999914169312,1.0470000505447388,1.0579999685287476,1.0579999685287476,43442000.0
2023-06-13,1.0549999475479126,1.062000036239624,1.0490000247955322,1.059999942779541,1.059999942779541,47249500.0
2023-06-14,1.059999942779541,1.0720000267028809,1.0460000038146973,1.0470000505447388,1.0470000505447388,48090600.0
2023-06-15,1.0499999523162842,1.059999942779541,1.0479999780654907,1.059000015258789,1.059000015258789,78179500.0
2023-06-16,1.0670000314712524,1.0980000495910645,1.0670000314712524,1.093999981880188,1.093999981880188,63464100.0
2023-06-19,1.0889999866485596,1.0950000286102295,1.0670000314712524,1.0759999752044678,1.0759999752044678,75568000.0
2023-06-20,1.0809999704360962,1.0880000591278076,1.0379999876022339,1.0410000085830688,1.0410000085830688,70074200.0
2023-06-21,1.0360000133514404,1.0390000343322754,1.0110000371932983,1.0140000581741333,1.0140000581741333,53582800.0
2023-06-26,0.9900000095367432,1.0199999809265137,0.9900000095367432,1.0180000066757202,1.0180000066757202,56681600.0
2023-06-27,1.0149999856948853,1.0269999504089355,1.0130000114440918,1.0240000486373901,1.0240000486373901,40183200.0
2023-06-28,1.0240000486373901,1.0240000486373901,1.003000020980835,1.0080000162124634,1.0080000162124634,44727700.0
2023-06-29,1.0110000371932983,1.0149999856948853,0.9959999918937683,1.003000020980835,1.003000020980835,41138300.0
2023-06-30,1.0019999742507935,1.027999997138977,1.0019999742507935,1.0190000534057617,1.0190000534057617,45644500.0
2023-07-03,1.0210000276565552,1.0269999504089355,1.0099999904632568,1.0230000019073486,1.0230000019073486,33793500.0
2023-07-04,1.0219999551773071,1.069000005722046,1.0160000324249268,1.0679999589920044,1.0679999589920044,66173700.0
2023-07-05,1.0640000104904175,1.065999984741211,1.0390000343322754,1.0420000553131104,1.0420000553131104,37103100.0
2023-07-06,1.0390000343322754,1.0410000085830688,1.0160000324249268,1.0219999551773071,1.0219999551773071,53252600.0
2023-07-07,1.0169999599456787,1.0269999504089355,1.0099999904632568,1.0180000066757202,1.0180000066757202,53220300.0
2023-07-10,1.024999976158142,1.0410000085830688,1.0180000066757202,1.0230000019073486,1.0230000019073486,58665300.0
2023-07-11,1.0299999713897705,1.034000039100647,1.0230000019073486,1.0290000438690186,1.0290000438690186,50608400.0
2023-07-12,1.0290000438690186,1.0299999713897705,1.0089999437332153,1.0089999437332153,1.0089999437332153,47703700.0
2023-07-13,1.0210000276565552,1.0700000524520874,1.0210000276565552,1.059999942779541,1.059999942779541,83443700.0
2023-07-14,1.065000057220459,1.065000057220459,1.0410000085830688,1.0429999828338623,1.0429999828338623,59003800.0
2023-07-17,1.0399999618530273,1.0429999828338623,1.0290000438690186,1.0329999923706055,1.0329999923706055,14665100.0
2023-07-18,1.0410000085830688,1.0460000038146973,1.027999997138977,1.0379999876022339,1.0379999876022339,62035300.0
2023-07-19,1.034999966621399,1.0369999408721924,1.0199999809265137,1.0240000486373901,1.0240000486373901,52227800.0
2023-07-20,1.027999997138977,1.0420000553131104,1.0149999856948853,1.0160000324249268,1.0160000324249268,69917500.0
2023-07-21,1.0169999599456787,1.0449999570846558,1.0160000324249268,1.031999945640564,1.031999945640564,60808300.0
2023-07-24,1.0269999504089355,1.0499999523162842,1.0240000486373901,1.031999945640564,1.031999945640564,49173400.0
2023-07-25,1.0490000247955322,1.055999994277954,1.034000039100647,1.0470000505447388,1.0470000505447388,58487500.0
2023-07-26,1.0449999570846558,1.059000015258789,1.0410000085830688,1.0540000200271606,1.0540000200271606,39608800.0
2023-07-27,1.0579999685287476,1.065000057220459,1.0520000457763672,1.062000036239624,1.062000036239624,44453000.0
2023-07-28,1.0579999685287476,1.100000023841858,1.0529999732971191,1.093999981880188,1.093999981880188,63952000.0
2023-07-31,1.1089999675750732,1.1200000047683716,1.0829999446868896,1.0880000591278076,1.0880000591278076,84219300.0
2023-08-01,1.0850000381469727,1.1169999837875366,1.0809999704360962,1.0839999914169312,1.0839999914169312,92618600.0
2023-08-02,1.0809999704360962,1.0850000381469727,1.0429999828338623,1.0429999828338623,1.0429999828338623,72772100.0
2023-08-03,1.0410000085830688,1.0579999685287476,1.027999997138977,1.0549999475479126,1.0549999475479126,62816600.0
2023-08-04,1.0640000104904175,1.069000005722046,1.0509999990463257,1.0520000457763672,1.0520000457763672,46301200.0
2023-08-07,1.0499999523162842,1.0499999523162842,0.996999979019165,1.0010000467300415,1.0010000467300415,114538300.0
2023-08-08,0.9990000128746033,1.0089999437332153,0.9819999933242798,0.9990000128746033,0.9990000128746033,99586400.0
2023-08-09,1.0010000467300415,1.0329999923706055,0.996999979019165,1.0160000324249268,1.0160000324249268,91375300.0
2023-08-10,1.0190000534057617,1.0210000276565552,1.00600004196167,1.0149999856948853,1.0149999856948853,60846900.0
2023-08-11,1.0199999809265137,1.0210000276565552,1.0,1.0019999742507935,1.0019999742507935,51084900.0
2023-08-14,0.996999979019165,0.996999979019165,0.9800000190734863,0.9929999709129333,0.9929999709129333,74659500.0
2023-08-15,0.9959999918937683,1.0069999694824219,0.9800000190734863,1.003000020980835,1.003000020980835,116722300.0
2023-08-16,1.0010000467300415,1.0119999647140503,0.9929999709129333,0.9980000257492065,0.9980000257492065,65786400.0
2023-08-17,0.9929999709129333,0.996999979019165,0.9750000238418579,0.9900000095367432,0.9900000095367432,70831900.0
2023-08-18,0.9860000014305115,0.9869999885559082,0.9549999833106995,0.9559999704360962,0.9559999704360962,58176400.0
2023-08-21,0.9470000267028809,0.9589999914169312,0.9390000104904175,0.9509999752044678,0.9509999752044678,43288900.0
2023-08-22,0.9539999961853027,0.9629999995231628,0.9369999766349792,0.9570000171661377,0.9570000171661377,68686400.0
2023-08-23,0.9539999961853027,0.9580000042915344,0.9430000185966492,0.9470000267028809,0.9470000267028809,41527600.0
2023-08-24,0.9520000219345093,0.9890000224113464,0.9520000219345093,0.9810000061988831,0.9810000061988831,117537500.0
2023-08-25,0.9789999723434448,0.9940000176429749,0.968999981880188,0.9760000109672546,0.9760000109672546,77624300.0
2023-08-28,1.0160000324249268,1.0260000228881836,0.9940000176429749,0.9940000176429749,0.9940000176429749,64397100.0
2023-08-29,0.9990000128746033,1.0240000486373901,0.9919999837875366,1.0219999551773071,1.0219999551773071,63757600.0
2023-08-30,1.0290000438690186,1.0290000438690186,1.0080000162124634,1.0089999437332153,1.0089999437332153,42174800.0
2023-08-31,1.0099999904632568,1.0119999647140503,0.984000027179718,0.9860000014305115,0.9860000014305115,50333900.0
2023-09-01,0.9819999933242798,0.9900000095367432,0.9819999933242798,0.9829999804496765,0.9829999804496765,8724700.0
2023-09-04,0.9860000014305115,1.0010000467300415,0.9860000014305115,0.996999979019165,0.996999979019165,45716000.0
2023-09-05,0.996999979019165,0.996999979019165,0.9860000014305115,0.9890000224113464,0.9890000224113464,31208500.0
2023-09-06,0.9860000014305115,0.9869999885559082,0.9670000076293945,0.972000002861023,0.972000002861023,51752100.0
2023-09-07,0.9729999899864197,0.9769999980926514,0.9649999737739563,0.9649999737739563,0.9649999737739563,22854800.0
2023-09-08,0.9599999785423279,0.9670000076293945,0.9599999785423279,0.9649999737739563,0.9649999737739563,6066500.0
2023-09-11,0.9599999785423279,1.0,0.9599999785423279,0.9919999837875366,0.9919999837875366,67587000.0
2023-09-12,0.9919999837875366,0.9959999918937683,0.9810000061988831,0.9909999966621399,0.9909999966621399,45921500.0
2023-09-13,0.9900000095367432,0.9909999966621399,0.9710000157356262,0.9760000109672546,0.9760000109672546,46473200.0
2023-09-14,0.9739999771118164,0.9779999852180481,0.9639999866485596,0.9760000109672546,0.9760000109672546,29501100.0
2023-09-15,0.9739999771118164,1.0010000467300415,0.968999981880188,0.9909999966621399,0.9909999966621399,72199300.0
2023-09-18,0.9869999885559082,1.0110000371932983,0.9810000061988831,1.003000020980835,1.003000020980835,39171300.0
2023-09-19,1.0,1.0019999742507935,0.9909999966621399,0.9980000257492065,0.9980000257492065,42522300.0
2023-09-20,0.9929999709129333,0.9980000257492065,0.9810000061988831,0.9829999804496765,0.9829999804496765,54973500.0
2023-09-21,0.9760000109672546,0.9800000190734863,0.9570000171661377,0.9589999914169312,0.9589999914169312,55294300.0
2023-09-22,0.9549999833106995,0.9779999852180481,0.949999988079071,0.9739999771118164,0.9739999771118164,83805400.0
2023-09-25,0.9729999899864197,0.9890000224113464,0.972000002861023,0.9829999804496765,0.9829999804496765,51695300.0
2023-09-26,0.9789999723434448,0.9819999933242798,0.9700000286102295,0.972000002861023,0.972000002861023,35901900.0
2023-09-27,0.9710000157356262,0.9990000128746033,0.968999981880188,0.9940000176429749,0.9940000176429749,71768100.0
2023-09-28,0.9929999709129333,0.9959999918937683,0.9739999771118164,0.9779999852180481,0.9779999852180481,35146500.0
2023-10-09,0.9679999947547913,0.9769999980926514,0.9520000219345093,0.9760000109672546,0.9760000109672546,76207600.0
2023-10-10,0.9710000157356262,0.9819999933242798,0.9599999785423279,0.9620000123977661,0.9620000123977661,41218600.0
2023-10-11,0.9710000157356262,1.0099999904632568,0.9710000157356262,1.0,1.0,82992300.0
2023-10-12,1.0110000371932983,1.0169999599456787,1.003999948501587,1.0140000581741333,1.0140000581741333,69812300.0
2023-10-13,0.9990000128746033,1.0110000371932983,0.9950000047683716,1.003000020980835,1.003000020980835,60541700.0
2023-10-16,1.0019999742507935,1.0199999809265137,0.9779999852180481,0.9829999804496765,0.9829999804496765,71417700.0
2023-10-17,0.9869999885559082,1.003999948501587,0.9860000014305115,0.9919999837875366,0.9919999837875366,37952900.0
2023-10-18,0.9879999756813049,0.9890000224113464,0.9599999785423279,0.9620000123977661,0.9620000123977661,87428800.0
2023-10-19,0.9549999833106995,0.9580000042915344,0.9430000185966492,0.9449999928474426,0.9449999928474426,34023800.0
2023-10-20,0.9369999766349792,0.9449999928474426,0.9319999814033508,0.9369999766349792,0.9369999766349792,72734100.0
2023-10-23,0.9350000023841858,0.9359999895095825,0.9259999990463257,0.9269999861717224,0.9269999861717224,33394300.0
2023-10-24,0.9300000071525574,0.9480000138282776,0.921999990940094,0.9459999799728394,0.9459999799728394,59021000.0
2023-10-25,0.9679999947547913,0.972000002861023,0.9449999928474426,0.9449999928474426,0.9449999928474426,73656800.0
2023-10-26,0.9419999718666077,0.9440000057220459,0.9190000295639038,0.9309999942779541,0.9309999942779541,63885700.0
2023-10-27,0.9350000023841858,0.9990000128746033,0.9269999861717224,0.9890000224113464,0.9890000224113464,129850700.0
2023-10-30,0.9819999933242798,1.0379999876022339,0.9819999933242798,1.024999976158142,1.024999976158142,138541600.0
2023-10-31,1.0190000534057617,1.0329999923706055,1.00600004196167,1.0140000581741333,1.0140000581741333,74313800.0
2023-11-01,1.0190000534057617,1.0219999551773071,0.9869999885559082,1.0140000581741333,1.0140000581741333,92983900.0
2023-11-02,1.0399999618530273,1.0399999618530273,1.003999948501587,1.0069999694824219,1.0069999694824219,69035500.0
2023-11-03,1.0140000581741333,1.0299999713897705,1.0099999904632568,1.0269999504089355,1.0269999504089355,51147800.0
2023-11-06,1.0449999570846558,1.0809999704360962,1.0449999570846558,1.0729999542236328,1.0729999542236328,73623977.0
2023-11-07,1.065000057220459,1.0820000171661377,1.055999994277954,1.059999942779541,1.059999942779541,75387200.0
2023-11-08,1.0609999895095825,1.0870000123977661,1.0609999895095825,1.069000005722046,1.069000005722046,133974100.0
2023-11-09,1.069000005722046,1.0820000171661377,1.0570000410079956,1.059000015258789,1.059000015258789,69637100.0
2023-11-10,1.0420000553131104,1.0479999780654907,0.9980000257492065,1.0420000553131104,1.0420000553131104,79441100.0
2023-11-13,1.0479999780654907,1.062000036239624,1.027999997138977,1.0369999408721924,1.0369999408721924,72865100.0
2023-11-14,1.0440000295639038,1.0520000457763672,1.031000018119812,1.0410000085830688,1.0410000085830688,62678500.0
2023-11-15,1.0609999895095825,1.0700000524520874,1.0470000505447388,1.055999994277954,1.055999994277954,62950400.0
2023-11-16,1.0570000410079956,1.0570000410079956,1.0190000534057617,1.0299999713897705,1.0299999713897705,94560300.0
2023-11-17,1.0199999809265137,1.0379999876022339,1.0169999599456787,1.0360000133514404,1.0360000133514404,71663100.0
2023-11-20,1.0379999876022339,1.0460000038146973,1.0219999551773071,1.0379999876022339,1.0379999876022339,54378700.0
2023-11-21,1.0429999828338623,1.0449999570846558,1.027999997138977,1.0299999713897705,1.0299999713897705,55149500.0
2023-11-22,1.0260000228881836,1.0290000438690186,1.0110000371932983,1.0110000371932983,1.0110000371932983,44386390.0
2023-11-23,1.0160000324249268,1.0299999713897705,1.0119999647140503,1.0299999713897705,1.0299999713897705,52959400.0
2023-11-24,1.031999945640564,1.0329999923706055,1.0169999599456787,1.0219999551773071,1.0219999551773071,35293200.0
2023-11-27,1.0230000019073486,1.0290000438690186,1.0160000324249268,1.0230000019073486,1.0230000019073486,26085000.0
2023-11-28,1.024999976158142,1.0429999828338623,1.0180000066757202,1.0379999876022339,1.0379999876022339,51296900.0
2023-11-29,1.0399999618530273,1.0399999618530273,1.003999948501587,1.0089999437332153,1.0089999437332153,42178300.0
2023-11-30,1.003000020980835,1.0160000324249268,0.9959999918937683,1.0110000371932983,1.0110000371932983,50781800.0
2023-12-01,1.0080000162124634,1.0149999856948853,1.0,1.0099999904632568,1.0099999904632568,50528400.0
2023-12-04,1.003000020980835,1.003000020980835,0.9449999928474426,0.9449999928474426,0.9449999928474426,60903300.0
2023-12-05,0.9449999928474426,0.953000009059906,0.9269999861717224,0.9269999861717224,0.9269999861717224,41542000.0
2023-12-06,0.9350000023841858,0.9459999799728394,0.9290000200271606,0.9330000281333923,0.9330000281333923,47259500.0
2023-12-07,0.9300000071525574,0.9309999942779541,0.9110000133514404,0.921999990940094,0.921999990940094,61470000.0
2023-12-08,0.9259999990463257,0.9290000200271606,0.906000018119812,0.9100000262260437,0.9100000262260437,113418100.0
2023-12-11,0.9070000052452087,0.9079999923706055,0.8880000114440918,0.9070000052452087,0.9070000052452087,64157900.0
2023-12-12,0.9079999923706055,0.9110000133514404,0.8999999761581421,0.9110000133514404,0.9110000133514404,44815100.0
2023-12-13,0.9070000052452087,0.9160000085830688,0.8989999890327454,0.8999999761581421,0.8999999761581421,40233900.0
2023-12-14,0.9160000085830688,0.9319999814033508,0.9110000133514404,0.9210000038146973,0.9210000038146973,51877400.0
2023-12-15,0.9279999732971191,0.9359999895095825,0.9160000085830688,0.9210000038146973,0.9210000038146973,41501500.0
2023-12-18,0.9139999747276306,0.9190000295639038,0.8989999890327454,0.9020000100135803,0.9020000100135803,27769700.0
2023-12-19,0.9049999713897705,0.9070000052452087,0.8880000114440918,0.8920000195503235,0.8920000195503235,23304200.0
2023-12-20,0.8999999761581421,0.9010000228881836,0.8899999856948853,0.8899999856948853,0.8899999856948853,20744900.0
2023-12-21,0.8830000162124634,0.8840000033378601,0.8669999837875366,0.8799999952316284,0.8799999952316284,28519800.0
2023-12-22,0.8830000162124634,0.8840000033378601,0.859000027179718,0.8600000143051147,0.8600000143051147,72999900.0
2023-12-25,0.8640000224113464,0.8659999966621399,0.8610000014305115,0.8650000095367432,0.8650000095367432,7110800.0
2023-12-26,0.8669999837875366,0.8669999837875366,0.8539999723434448,0.8569999933242798,0.8569999933242798,15191000.0
2023-12-27,0.8669999837875366,0.878000020980835,0.8610000014305115,0.8769999742507935,0.8769999742507935,22037100.0
2023-12-28,0.878000020980835,0.9100000262260437,0.878000020980835,0.9049999713897705,0.9049999713897705,67574200.0
2023-12-29,0.9020000100135803,0.9169999957084656,0.9010000228881836,0.9120000004768372,0.9120000004768372,28199200.0
2024-01-02,0.9139999747276306,0.9190000295639038,0.8989999890327454,0.8999999761581421,0.8999999761581421,59308600.0
2024-01-03,0.8939999938011169,0.9089999794960022,0.8859999775886536,0.8920000195503235,0.8920000195503235,22660700.0
2024-01-04,0.8930000066757202,0.8960000276565552,0.8870000243186951,0.8939999938011169,0.8939999938011169,21523500.0
2024-01-05,0.8899999856948853,0.890999972820282,0.8610000014305115,0.8640000224113464,0.8640000224113464,47699200.0
2024-01-08,0.8600000143051147,0.8679999709129333,0.8349999785423279,0.8379999995231628,0.8379999995231628,43589800.0
2024-01-09,0.8429999947547913,0.8669999837875366,0.8429999947547913,0.8550000190734863,0.8550000190734863,34359400.0
2024-01-10,0.8539999723434448,0.8709999918937683,0.8529999852180481,0.8640000224113464,0.8640000224113464,30379900.0
2024-01-11,0.8769999742507935,0.8840000033378601,0.8650000095367432,0.8730000257492065,0.8730000257492065,101677200.0
2024-01-12,0.8669999837875366,0.8679999709129333,0.8550000190734863,0.8560000061988831,0.8560000061988831,33513900.0
2024-01-15,0.8560000061988831,0.8560000061988831,0.8560000061988831,0.8560000061988831,0.8560000061988831,0.0
2024-01-16,0.8510000109672546,0.8610000014305115,0.8410000205039978,0.8450000286102295,0.8450000286102295,23253900.0
2024-01-17,0.8399999737739563,0.8410000205039978,0.8019999861717224,0.8029999732971191,0.8029999732971191,38698100.0
2024-01-18,0.8040000200271606,0.8169999718666077,0.800000011920929,0.8149999976158142,0.8149999976158142,73038969.0
2024-01-19,0.8149999976158142,0.8180000185966492,0.7799999713897705,0.7799999713897705,0.7799999713897705,51105100.0
2024-01-22,0.7850000262260437,0.7860000133514404,0.7409999966621399,0.7440000176429749,0.7440000176429749,49626731.0
2024-01-23,0.7450000047683716,0.7799999713897705,0.7450000047683716,0.765999972820282,0.765999972820282,69509700.0
2024-01-24,0.777999997138977,0.7839999794960022,0.7580000162124634,0.7730000019073486,0.7730000019073486,51735100.0
2024-01-25,0.7820000052452087,0.7990000247955322,0.7730000019073486,0.7990000247955322,0.7990000247955322,54331400.0
2024-01-26,0.800000011920929,0.8140000104904175,0.7310000061988831,0.75,0.75,91226800.0
2024-01-29,0.7580000162124634,0.7720000147819519,0.7440000176429749,0.746999979019165,0.746999979019165,86759900.0
2024-01-30,0.7379999756813049,0.75,0.7269999980926514,0.7319999933242798,0.7319999933242798,55736600.0
2024-01-31,0.7250000238418579,0.7289999723434448,0.699999988079071,0.703000009059906,0.703000009059906,50044600.0
2024-02-01,0.7049999833106995,0.7289999723434448,0.7020000219345093,0.7170000076293945,0.7170000076293945,56170300.0
2024-02-02,0.7229999899864197,0.7319999933242798,0.6759999990463257,0.6859999895095825,0.6859999895095825,57364000.0
2024-02-05,0.6890000104904175,0.6909999847412109,0.6690000295639038,0.6830000281333923,0.6830000281333923,51257400.0
2024-02-06,0.6800000071525574,0.7300000190734863,0.675000011920929,0.7300000190734863,0.7300000190734863,60885800.0
2024-02-07,0.7369999885559082,0.7559999823570251,0.7229999899864197,0.7319999933242798,0.7319999933242798,52469900.0
2024-02-08,0.7350000143051147,0.7350000143051147,0.7179999947547913,0.7229999899864197,0.7229999899864197,42393000.0
2024-02-19,0.7369999885559082,0.7440000176429749,0.734000027179718,0.7419999837875366,0.7419999837875366,34467800.0
2024-02-20,0.7419999837875366,0.7630000114440918,0.7379999756813049,0.7549999952316284,0.7549999952316284,39810300.0
2024-02-21,0.7570000290870667,0.7829999923706055,0.7509999871253967,0.7739999890327454,0.7739999890327454,38456200.0
2024-02-22,0.7730000019073486,0.781000018119812,0.7689999938011169,0.7770000100135803,0.7770000100135803,23930600.0
2024-02-23,0.7770000100135803,0.7850000262260437,0.7739999890327454,0.781000018119812,0.781000018119812,21809100.0
2024-02-26,0.7799999713897705,0.7979999780654907,0.7799999713897705,0.7829999923706055,0.7829999923706055,37762600.0
2024-02-27,0.7820000052452087,0.7979999780654907,0.7789999842643738,0.796999990940094,0.796999990940094,32892300.0
2024-02-28,0.8130000233650208,0.8259999752044678,0.7860000133514404,0.7860000133514404,0.7860000133514404,36495600.0
2024-02-29,0.7850000262260437,0.8050000071525574,0.7850000262260437,0.7990000247955322,0.7990000247955322,69631500.0
2024-03-01,0.7960000038146973,0.7960000038146973,0.7770000100135803,0.7829999923706055,0.7829999923706055,47306800.0
2024-03-04,0.7870000004768372,0.8069999814033508,0.7850000262260437,0.8009999990463257,0.8009999990463257,47976000.0
2024-03-05,0.796999990940094,0.796999990940094,0.765999972820282,0.765999972820282,0.765999972820282,40805100.0
2024-03-06,0.7630000114440918,0.781000018119812,0.7620000243186951,0.7730000019073486,0.7730000019073486,36377100.0
2024-03-07,0.7590000033378601,0.7639999985694885,0.7429999709129333,0.7440000176429749,0.7440000176429749,34269100.0
2024-03-08,0.7509999871253967,0.7620000243186951,0.7509999871253967,0.7609999775886536,0.7609999775886536,36170500.0
2024-03-11,0.7590000033378601,0.7720000147819519,0.7559999823570251,0.7699999809265137,0.7699999809265137,28653500.0
2024-03-12,0.7749999761581421,0.800000011920929,0.7749999761581421,0.800000011920929,0.800000011920929,41300500.0
2024-03-13,0.8009999990463257,0.8019999861717224,0.7879999876022339,0.7900000214576721,0.7900000214576721,37581900.0
2024-03-14,0.828000009059906,0.8379999995231628,0.7900000214576721,0.796999990940094,0.796999990940094,57683600.0
2024-03-15,0.7940000295639038,0.8040000200271606,0.7850000262260437,0.7919999957084656,0.7919999957084656,37497500.0
2024-03-18,0.7919999957084656,0.7979999780654907,0.7770000100135803,0.796999990940094,0.796999990940094,40318600.0
2024-03-19,0.7940000295639038,0.7940000295639038,0.7739999890327454,0.7749999761581421,0.7749999761581421,43106800.0
2024-03-20,0.7770000100135803,0.781000018119812,0.7730000019073486,0.7770000100135803,0.7770000100135803,49267700.0
2024-03-21,0.7799999713897705,0.7870000004768372,0.7739999890327454,0.7770000100135803,0.7770000100135803,46937100.0
2024-03-22,0.7720000147819519,0.7730000019073486,0.7440000176429749,0.7480000257492065,0.7480000257492065,41288500.0
2024-03-25,0.7509999871253967,0.7580000162124634,0.7450000047683716,0.746999979019165,0.746999979019165,44498300.0
2024-03-26,0.75,0.753000020980835,0.7409999966621399,0.7509999871253967,0.7509999871253967,25333800.0
2024-03-27,0.7459999918937683,0.753000020980835,0.7390000224113464,0.7429999709129333,0.7429999709129333,36152700.0
2024-03-28,0.7419999837875366,0.7540000081062317,0.7350000143051147,0.7409999966621399,0.7409999966621399,44585404.0
2024-03-29,0.7400000095367432,0.7429999709129333,0.7379999756813049,0.7379999756813049,0.7379999756813049,8331900.0
2024-04-01,0.7369999885559082,0.7509999871253967,0.7369999885559082,0.75,0.75,5455100.0
2024-04-02,0.7509999871253967,0.7519999742507935,0.7369999885559082,0.7390000224113464,0.7390000224113464,42657504.0
2024-04-03,0.7379999756813049,0.7390000224113464,0.7269999980926514,0.7279999852180481,0.7279999852180481,18582700.0
2024-04-08,0.7170000076293945,0.7269999980926514,0.7139999866485596,0.722000002861023,0.722000002861023,33676500.0
2024-04-09,0.7210000157356262,0.7360000014305115,0.7200000286102295,0.734000027179718,0.734000027179718,35614800.0
2024-04-10,0.7369999885559082,0.7400000095367432,0.7300000190734863,0.7300000190734863,0.7300000190734863,20031200.0
2024-04-11,0.7250000238418579,0.7260000109672546,0.7160000205039978,0.7229999899864197,0.7229999899864197,18031100.0
2024-04-12,0.722000002861023,0.7279999852180481,0.7139999866485596,0.7160000205039978,0.7160000205039978,11721700.0
2024-04-15,0.7110000252723694,0.7129999995231628,0.6970000267028809,0.7009999752044678,0.7009999752044678,29155600.0
2024-04-16,0.6940000057220459,0.7009999752044678,0.6800000071525574,0.6809999942779541,0.6809999942779541,27350200.0
2024-04-17,0.6819999814033508,0.6890000104904175,0.6759999990463257,0.6840000152587891,0.6840000152587891,29855600.0
2024-04-18,0.6819999814033508,0.6850000023841858,0.6740000247955322,0.6800000071525574,0.6800000071525574,39086200.0
2024-04-19,0.6759999990463257,0.6779999732971191,0.6589999794960022,0.6639999747276306,0.6639999747276306,32801108.0
2024-04-22,0.6660000085830688,0.6869999766349792,0.6660000085830688,0.6840000152587891,0.6840000152587891,31956000.0
2024-04-23,0.6840000152587891,0.703000009059906,0.6830000281333923,0.7009999752044678,0.7009999752044678,34770400.0
2024-04-24,0.703000009059906,0.7170000076293945,0.6949999928474426,0.7149999737739563,0.7149999737739563,51434200.0
2024-04-25,0.7139999866485596,0.734000027179718,0.7099999785423279,0.722000002861023,0.722000002861023,32153102.0
2024-04-26,0.722000002861023,0.7409999966621399,0.722000002861023,0.7369999885559082,0.7369999885559082,26730200.0
2024-04-29,0.7379999756813049,0.7639999985694885,0.7369999885559082,0.7509999871253967,0.7509999871253967,30682700.0
2024-04-30,0.7509999871253967,0.753000020980835,0.7379999756813049,0.7409999966621399,0.7409999966621399,16610000.0
2024-05-06,0.7599999904632568,0.7789999842643738,0.7599999904632568,0.7770000100135803,0.7770000100135803,39950100.0
2024-05-07,0.7770000100135803,0.777999997138977,0.7639999985694885,0.765999972820282,0.765999972820282,22241900.0
2024-05-08,0.7649999856948853,0.777999997138977,0.7620000243186951,0.7630000114440918,0.7630000114440918,21703300.0
2024-05-09,0.7680000066757202,0.7900000214576721,0.7680000066757202,0.7889999747276306,0.7889999747276306,32105400.0
2024-05-10,0.7919999957084656,0.7960000038146973,0.7820000052452087,0.7940000295639038,0.7940000295639038,32286700.0
2024-05-13,0.8050000071525574,0.8059999942779541,0.777999997138977,0.7900000214576721,0.7900000214576721,34871700.0
2024-05-14,0.7929999828338623,0.8069999814033508,0.7910000085830688,0.7990000247955322,0.7990000247955322,24432500.0
2024-05-15,0.7990000247955322,0.7990000247955322,0.7850000262260437,0.7860000133514404,0.7860000133514404,8956500.0
2024-05-16,0.7940000295639038,0.800000011920929,0.7850000262260437,0.7910000085830688,0.7910000085830688,57059500.0
2024-05-17,0.7929999828338623,0.8080000281333923,0.7870000004768372,0.7900000214576721,0.7900000214576721,24540000.0
2024-05-20,0.7870000004768372,0.8080000281333923,0.7860000133514404,0.7979999780654907,0.7979999780654907,19222500.0
2024-05-21,0.7990000247955322,0.800000011920929,0.765999972820282,0.7670000195503235,0.7670000195503235,29729600.0
2024-05-22,0.7689999938011169,0.7739999890327454,0.7639999985694885,0.7680000066757202,0.7680000066757202,20972900.0
2024-05-23,0.7639999985694885,0.7649999856948853,0.75,0.7519999742507935,0.7519999742507935,16191600.0
2024-05-24,0.7450000047683716,0.7519999742507935,0.7160000205039978,0.7239999771118164,0.7239999771118164,51979400.0
2024-05-27,0.7250000238418579,0.7369999885559082,0.7110000252723694,0.7360000014305115,0.7360000014305115,48176800.0
2024-05-28,0.7360000014305115,0.7549999952316284,0.7350000143051147,0.7400000095367432,0.7400000095367432,23767400.0
2024-05-29,0.7350000143051147,0.7379999756813049,0.7210000157356262,0.722000002861023,0.722000002861023,38096400.0
2024-05-30,0.7200000286102295,0.7329999804496765,0.7170000076293945,0.718999981880188,0.718999981880188,34582600.0
2024-05-31,0.7310000061988831,0.7519999742507935,0.7250000238418579,0.7269999980926514,0.7269999980926514,29615200.0
2024-06-03,0.7279999852180481,0.7279999852180481,0.7160000205039978,0.722000002861023,0.722000002861023,32490100.0
2024-06-04,0.718999981880188,0.7429999709129333,0.718999981880188,0.7409999966621399,0.7409999966621399,36494500.0
2024-06-05,0.7419999837875366,0.7519999742507935,0.7379999756813049,0.7390000224113464,0.7390000224113464,22029600.0
2024-06-06,0.746999979019165,0.7540000081062317,0.7360000014305115,0.7369999885559082,0.7369999885559082,35322000.0
2024-06-07,0.7400000095367432,0.7450000047683716,0.7369999885559082,0.7400000095367432,0.7400000095367432,23027400.0
2024-06-11,0.7379999756813049,0.7379999756813049,0.7210000157356262,0.7250000238418579,0.7250000238418579,57896300.0
2024-06-12,0.7250000238418579,0.7390000224113464,0.718999981880188,0.7300000190734863,0.7300000190734863,55775300.0
2024-06-13,0.7350000143051147,0.7440000176429749,0.7350000143051147,0.7390000224113464,0.7390000224113464,20563500.0
2024-06-14,0.7369999885559082,0.7409999966621399,0.7319999933242798,0.7390000224113464,0.7390000224113464,29799000.0
